2.449521150
2.452587178
2.455673859
2.458779333
2.461904677
2.464993854
2.468140046
2.471316533
2.474466347
2.477604856
2.480781637
2.483959053
2.487114740
2.490337035
2.493507551
2.496713158
2.499909172
2.503077583
2.506318035
2.509533626
2.512785872
2.516017417
2.519254248
2.522524651
2.525802054
2.529043289
2.532348734
2.535667833
2.538970342
2.542290323
2.545613239
2.548915308
2.449572546
2.452631399
2.455722259
2.458828036
2.461940538
2.465056489
2.468182719
2.471346094
2.474510159
2.477646255
2.480834149
2.484024554
2.487178680
2.490393413
2.493603243
2.496787702
2.499984552
2.503194176
2.506401025
2.509613879
2.512850489
2.516069319
2.519356068
2.522611926
2.525903829
2.529156707
2.532466772
2.535740645
2.539075610
2.542372887
2.545669150
2.548970538
