5576
5128
4706
4306
3932
3581
3256
2954
2678
2429
2204
2006
1832
1687
1566
1471
1404
1364
1349
1362
1402
1469
1562
1679
1825
1996
2194
2418
2666
2938
3239
3563
3916
4288
4686
5108
5554
6023
6514
7025
7562
8117
8694
9294
9911
10549
11204
11877
12568
13277
14002
14744
15502
16271
17057
17855
18667
19489
20323
21168
22022
22886
23758
24638
25524
26418
27315
28216
29122
30034
30944
31858
32772
33685
34599
35511
36421
37327
38230
39127
40020
40906
41785
42656
43520
44374
45217
46052
46875
47683
48482
49267
50038
50793
51534
52259
52965
53658
54329
54984
55622
56239
56836
57412
57967
58502
59015
59503
59972
60416
60836
61232
61606
61955
62279
62579
62851
63099
63322
63519
63688
63832
63949
64042
64106
64144
64155
64139
64099
64030
63937
63817
63668
63493
63294
63068
62817
62540
62238
61910
61559
61184
60783
60359
59914
59444
58947
58433
57897
57339
56759
56160
55540
54902
54245
53568
52874
52165
51436
50696
49940
49166
48379
47580
46768
45944
45109
44264
43408
42544
41671
40792
39903
39011
38114
37209
36303
35393
34481
33567
32654
31738
30826
29915
29004
28100
27197
26300
25409
24523
23644
22773
21911
21058
20214
19382
18561
17752
16953
16171
15402
14646
13909
13184
12478
11789
11116
10463
9828
9215
8619
8045
7490
6959
6448
5960
5496
5053
4633
4238
3868
3521
3199
2903
2632
2386
2167
1972
1804
1662
1548
1457
1395
1360
1351
1368
1413
1482
1579
1703
1853
2029
2230
2459
2712
2991
3297
3625
3980
4358
4759
5184
5634
6107
6601
7119
7657
8217
8799
9399
10019
10661
11320
11997
12693
13405
14134
14876
15635
16408
17196
17995
18809
19634
20471
21317
22174
23039
23911
24793
25679
26574
27472
28375
29282
30193
31104
32017
32932
33847
34759
35671
36581
37486
38389
39286
40176
41061
41938
42809
43671
44524
45366
46197
47017
47826
48623
49404
50172
50924
51661
52385
53089
53778
54445
55099
55731
56344
56937
57510
58062
58593
59102
59588
60053
60492
60907
61300
61669
62013
62332
62627
62895
63139
63358
63551
63716
63855
63968
64054
64114
64147
64155
64135
64088
64014
63918
63791
63640
63461
63257
63026
62770
62489
62183
61851
61495
61115
60711
60282
59831
59359
58860
58341
57800
57237
56655
56051
55429
54789
54128
53449
52752
52040
51310
50564
49804
49030
48242
47438
46624
45799
44962
44114
43256
42391
41518
40636
39748
38853
37953
37050
36142
35233
34321
33408
32493
31579
30666
29755
28847
27940
27040
26143
25252
24369
23491
22621
21759
20908
20067
19237
18417
17609
16816
16034
15268
14517
13780
13060
12357
11670
11001
10353
9720
9110
8518
7946
7395
6868
6361
5877
5415
4978
4563
4173
3806
3463
3146
2855
2587
2345
2129
1939
1779
1638
1529
1444
1387
1355
1353
1374
1424
1499
1600
1728
1882
2063
2269
2502
2758
3043
3351
3686
4045
4427
4833
5262
5717
6193
6691
7212
7755
8319
8904
9508
10132
10775
11439
12119
12816
13532
14263
15009
15771
16547
17337
18138
18954
19781
20619
21467
22325
23191
24065
24948
25837
26731
27632
28537
29444
30354
31265
32179
33095
34008
34921
35832
36740
37646
38547
39441
40333
41216
42094
42961
43821
44671
45512
46343
47162
47968
48761
49540
50304
51055
51791
52509
53211
53896
54563
55211
55842
56450
57040
57611
58157
58684
59190
59670
60130
60567
60979
61367
61731
62071
62387
62677
62941
63180
63394
63581
63742
63875
63985
64065
64124
64150
64154
64129
64078
64000
63896
63766
63609
63428
63218
62983
62723
62437
62126
61790
61428
61046
60637
60207
59749
59271
58770
58246
57703
57137
56551
55944
55318
54673
54008
53328
52627
51912
51179
50430
49669
48890
48100
47296
46480
45652
44813
43963
43104
42238
41363
40479
39591
38695
37796
36891
35984
35072
34162
33247
32333
31419
30504
29594
28687
27782
26881
25986
25096
24214
23339
22471
21609
20761
19921
19091
18274
17469
16676
15900
15135
14385
13652
12936
12234
11550
10885
10238
9611
9003
8415
7847
7300
6777
6275
5792
5336
4902
4491
4105
3743
3405
3093
2806
2542
2306
2096
1910
1752
1620
1513
1433
1381
1353
1354
1379
1432
1514
1619
1752
1910
2098
2308
2545
2807
3096
3409
3746
4108
4496
4906
5339
5798
6279
6782
7307
7853
8420
9009
9617
10245
10891
11556
12239
12939
13657
14391
15140
15906
16684
17476
18280
19098
19928
20768
21619
22478
23345
24221
25104
25995
26889
27790
28694
29602
30514
31427
32340
33255
34169
35080
35991
36898
37804
38704
39598
40487
41370
42246
43112
43970
44821
45659
46487
47303
48107
48897
49675
50438
51187
51918
52635
53333
54015
54680
55324
55949
56555
57141
57708
58251
58774
59276
59753
60208
60640
61048
61434
61792
62128
62439
62724
62984
63220
63429
63610
63767
63898
64000
64079
64129
64151
64151
64121
64067
63985
63876
63741
63579
63392
63179
62938
62674
62383
62068
61729
61363
60975
60562
60127
59669
59186
58680
58154
57604
57035
56445
55836
55205
54557
53889
53205
52503
51783
51048
50298
49533
48754
47960
47154
46336
45504
44663
43814
42953
42083
41207
40325
39433
38537
37636
36732
35823
34912
33998
33086
32172
31258
30345
29435
28527
27623
26723
25829
24940
24057
23184
22316
21459
20611
19773
18946
18131
17329
16539
15764
15002
14255
13524
12809
12113
11433
10770
10126
9503
8899
8313
7750
7208
6687
6188
5712
5259
4829
4422
4040
3681
3349
3040
2757
2498
2267
2061
1880
1727
1599
1497
1423
1374
1351
1357
1389
1444
1531
1641
1778
1941
2132
2348
2589
2857
3149
3466
3809
4174
4566
4979
5419
5882
6365
6872
7400
7950
8522
9113
9726
10356
11007
11675
12362
13066
13787
14522
15276
16041
16822
17615
18423
19242
20073
20915
21766
22628
23498
24376
25261
26152
27048
27948
28854
29763
30674
31588
32503
33416
34328
35241
36149
37057
37961
38861
39755
40644
41525
42400
43264
44122
44968
45805
46631
47446
48247
49035
49810
50571
51315
52046
52757
53453
54133
54793
55435
56058
56662
57243
57804
58345
58864
59360
59835
60287
60714
61118
61498
61854
62187
62491
62773
63029
63258
63462
63641
63793
63917
64016
64089
64135
64156
64147
64115
64054
63967
63855
63714
63547
63356
63137
62894
62624
62331
62012
61665
61299
60905
60487
60048
59584
59096
58590
58058
57507
56934
56339
55726
55094
54441
53772
53082
52377
51656
50918
50164
49397
48613
47819
47009
46188
45358
44515
43664
42801
41930
41053
40167
39277
38380
37478
36571
35663
34753
33838
32925
32011
31097
30185
29274
28369
27465
26566
25672
24784
23903
23030
22166
21310
20462
19626
18802
17989
17189
16403
15628
14870
14127
13398
12686
11992
11314
10655
10016
9394
8795
8213
7653
7115
6599
6103
5630
5181
4756
4353
3975
3623
3292
2990
2711
2457
2230
2028
1851
1702
1579
1482
1412
1370
1349
1361
1396
1458
1549
1664
1807
1974
2168
2389
2636
2906
3202
3525
3870
4243
4639
5056
5496
5964
6453
6963
7494
8050
8626
9220
9835
10470
11123
11795
12484
13193
13915
14654
15409
16178
16961
17757
18568
19390
20221
21065
21917
22781
23651
24528
25415
26308
27206
28108
29014
29924
30836
31748
32661
33575
34488
35401
36311
37217
38119
39018
39911
40799
41679
42551
43415
44271
45117
45952
46775
47587
48387
49173
49945
50701
51444
52171
52881
53575
54250
54908
55547
56165
56763
57342
57901
58437
58953
59446
59916
60365
60787
61188
61564
61915
62243
62543
62819
63070
63298
63496
63669
63816
63938
64032
64099
64141
64156
64145
64104
64041
63948
63831
63687
63515
63321
63097
62849
62575
62277
61953
61602
61231
60833
60413
59968
59502
59009
58497
57961
57406
56830
56232
55615
54980
54324
53651
52960
52252
51526
50786
50029
49259
48475
47677
46866
46042
45209
44366
43513
42649
41777
40898
40011
39118
38222
37319
36412
35503
34589
33678
32764
31849
30936
30024
29115
28209
27307
26409
25516
24629
23750
22878
22014
21159
20314
19481
18657
17847
17049
16264
15494
14737
13996
13271
12562
11872
11198
10542
9905
9288
8691
8113
7557
7023
6510
6019
5550
5104
4683
4286
3912
3561
3238
2938
2664
2416
2190
1996
1822
1678
1560
1467
1400
1363
1350
1365
1406
1473
1566
1688
1834
2008
2206
2431
2680
2957
3258
3584
3935
4310
4710
5132
5580
6050
6540
7056
7592
8149
8728
9327
9944
10584
11239
11914
12607
13318
14045
14784
15543
16314
17101
17898
18711
19535
20369
21213
22070
22933
23806
24686
25573
26463
27362
28266
29173
30083
30995
31908
32821
33737
34650
35562
36470
37376
38280
39176
40069
40954
41833
42705
43568
44422
45266
46098
46920
47729
48526
49310
50080
50835
51574
52298
53005
53695
54367
55021
55655
56270
56869
57442
57998
58530
59042
59530
59996
60439
60859
61255
61627
61974
62296
62592
62864
63112
63331
63526
63697
63840
63957
64045
64109
64146
64156
64139
64097
64026
63930
63806
63659
63483
63282
63056
62803
62525
62221
61892
61540
61162
60763
60335
59886
59416
58920
58405
57867
57307
56726
56126
55505
54867
54207
53531
52837
52127
51399
50655
49896
49122
48336
47536
46724
45900
45063
44218
43361
42497
41622
40743
39855
38962
38062
37161
36252
35343
34431
33518
32604
31689
30777
29865
28957
28052
27148
26252
25360
24474
23597
22725
21863
21011
20168
19336
18515
17706
16911
16128
15360
14606
13868
13145
12440
11752
11081
10428
9796
9181
8587
8015
7462
6931
6421
5933
5469
5028
4610
4218
3847
3504
3183
2889
2618
2375
2156
1964
1797
1656
1543
1455
1393
1358
1351
1371
1417
1485
1586
1711
1863
2040
2243
2472
2728
3008
3314
3646
4000
4380
4782
5209
5661
6134
6631
7149
7688
8249
8832
9433
10056
10697
11358
12037
12732
13443
14172
14919
15678
16452
17240
18042
18857
19679
20518
21363
22220
23086
23959
24841
25729
26622
27522
28426
29334
30243
31156
32069
32983
33897
34811
35721
36629
37534
38436
39334
40224
41110
41987
42857
43718
44570
45412
46243
47062
47871
48665
49446
50214
50966
51703
52424
53128
53814
54484
55135
55765
56378
56970
57542
58093
58622
59129
59614
60077
60515
60932
61323
61691
62033
62351
62645
62911
63152
63369
63560
63723
63860
63973
64062
64117
64150
64155
64134
64086
64011
63911
63782
63629
63450
63244
63014
62758
62473
62165
61835
61475
61095
60687
60259
59806
59329
58831
58311
57769
57207
56622
56018
55394
54751
54090
53410
52711
51999
51270
50523
49761
48986
48195
47395
46580
45754
44916
44067
43210
42343
41469
40587
39698
38803
37904
37000
36094
35183
34271
33357
32442
31529
30616
29705
28795
27891
26990
26095
25204
24320
23442
22572
21714
20863
20022
19192
18372
17565
16772
15992
15227
14476
13739
13020
12317
11632
10965
10316
9685
9074
8484
7914
7366
6840
6334
5852
5391
4953
4539
4151
3786
3446
3130
2840
2574
2334
2120
1929
1769
1635
1523
1442
1386
1357
1353
1375
1425
1503
1606
1735
1892
2076
2281
2515
2775
3060
3369
3704
4064
4449
4856
5286
5743
6219
6719
7242
7785
8350
8935
9541
10166
10813
11474
12157
12856
13573
14304
15051
15813
16590
17380
18184
19001
19827
20666
21515
22373
23239
24114
24997
25887
26781
27681
28585
29493
30403
31315
32230
33144
34058
34971
35882
36790
37695
38595
39491
40381
41265
42141
43009
43869
44718
45559
46387
47205
48011
48804
49582
50345
51095
51829
52547
53250
53932
54599
55246
55875
56485
57073
57640
58186
58712
59216
59697
60155
60590
61002
61390
61751
62090
62406
62693
62956
63192
63404
63591
63749
63885
63989
64072
64125
64151
64155
64129
64076
63996
63890
63758
63599
63414
63204
62968
62708
62422
62109
61771
61411
61025
60613
60182
59724
59244
58741
58217
57672
57104
56517
55909
55282
54636
53972
53288
52588
51871
51138
50390
49625
48848
48056
47252
46435
45606
44767
43916
43057
42191
41314
40431
39541
38646
37745
36841
35932
35023
34110
33196
32283
31369
30455
29545
28637
27733
26832
25938
25048
24165
23289
22421
21562
20712
19874
19046
18228
17424
16634
15856
15092
14345
13612
12896
12195
11514
10849
10204
9576
8971
8384
7818
7273
6748
6247
5768
5312
4880
4470
4086
3723
3388
3076
2791
2530
2294
2084
1900
1744
1614
1508
1430
1377
1351
1354
1381
1437
1520
1627
1763
1921
2108
2321
2561
2824
3111
3427
3766
4130
4518
4929
5366
5824
6307
6811
7336
7884
8453
9042
9651
10280
10927
11593
12277
12979
13698
14433
15184
15948
16726
17521
18328
19145
19973
20813
21664
22523
23393
24268
25152
26043
26939
27839
28746
29653
30564
31477
32389
33303
34219
35131
36041
36949
37852
38751
39646
40535
41419
42294
43161
44019
44867
45706
46533
47348
48151
48939
49716
50480
51224
51958
52674
53370
54052
54714
55358
55984
56588
57173
57738
58281
58803
59301
59779
60233
60663
61070
61456
61814
62147
62457
62740
62999
63233
63440
63620
63775
63905
64007
64082
64131
64154
64150
64121
64062
63981
63869
63733
63570
63380
63166
62925
62660
62366
62052
61709
61345
60953
60540
60102
59644
59157
58651
58124
57575
57004
56412
55801
55170
54521
53855
53168
52463
51744
51009
50256
49491
48711
47916
47108
46290
45458
44617
43765
42905
42036
41160
40275
39384
38488
37588
36681
35773
34863
33949
33036
32122
31207
30295
29386
28478
27573
26675
25781
24892
24010
23134
22269
21412
20564
19728
18902
18087
17286
16497
15721
14961
14214
13485
12771
12074
11395
10734
10091
9469
8866
8282
7720
7177
6659
6163
5687
5233
4806
4401
4020
3664
3332
3024
2743
2485
2255
2049
1872
1720
1592
1493
1419
1373
1352
1359
1389
1451
1536
1647
1787
1953
2143
2361
2604
2871
3165
3484
3827
4197
4587
5004
5444
5907
6393
6901
7431
7982
8554
9147
9760
10391
11044
11713
12400
13105
13826
14564
15316
16083
16866
17660
18470
19289
20120
20963
21815
22676
23546
24424
25309
26200
27098
28000
28905
29814
30725
31638
32551
33464
34377
35289
36200
37109
38012
38912
39806
40692
41573
42446
43312
44167
45014
45851
46676
47489
48291
49077
49852
50612
51356
52085
52796
53491
54170
54827
55469
56092
56694
57275
57835
58375
58892
59387
59861
60309
60737
61140
61519
61875
62205
62511
62787
63041
63271
63472
63650
63798
63924
64021
64093
64137
64156
64146
64111
64049
63961
63846
63706
63539
63345
63125
62882
62609
62314
61994
61647
61276
60883
60465
60022
59557
59069
58560
58028
57475
56900
56307
55692
55058
54405
53734
53045
52338
51616
50876
50123
49353
48570
47774
46965
46145
45311
44468
43615
42753
41882
41004
40119
39228
38331
37429
36522
35612
34701
33789
32874
31960
31047
30135
29224
28319
27415
26515
25623
24737
23856
22983
22117
21262
20417
19582
18757
17944
17145
16359
15587
14828
14086
13358
12646
11954
11277
10620
9982
9361
8760
8182
7623
7087
6570
6075
5604
5158
4733
4332
3956
3603
3276
2973
2696
2444
2217
2016
1843
1694
1574
1478
1407
1366
1351
1361
1401
1463
1554
1670
1816
1984
2179
2401
2649
2922
3220
3543
3891
4262
4659
5080
5523
5992
6480
6992
7526
8081
8655
9253
9869
10504
11160
11831
12521
13230
13956
14695
15451
16221
17005
17803
18612
19435
20269
21112
21965
22828
23699
24580
25466
26358
27256
28159
29064
29973
30886
31798
32712
33627
34540
35451
36361
37268
38171
39069
39962
40848
41727
42599
43463
44318
45162
45996
46821
47631
48430
49215
49987
50744
51486
52211
52921
53612
54285
54942
55581
56198
56795
57375
57932
58468
58980
59473
59942
60388
60810
61207
61583
61933
62260
62560
62833
63086
63308
63506
63677
63824
63942
64036
64103
64143
64158
64143
64103
64039
63946
63824
63678
63505
63311
63084
62835
62561
62259
61933
61582
61209
60811
60389
59943
59474
58982
58466
57932
57376
56797
56199
55582
54944
54288
53613
52922
52211
51486
50745
49987
49216
48432
47634
46822
45999
45166
44320
43465
42601
41729
40849
39963
39070
38172
37269
36362
35454
34540
33627
32714
31798
30885
29973
29065
28159
27257
26361
25467
24581
23702
22831
21967
21114
20270
19436
18613
17803
17006
16222
15452
14697
13957
13233
12524
11833
11160
10506
9870
9254
8658
8082
7524
6993
6480
5991
5523
5080
4660
4261
3891
3542
3220
2922
2650
2402
2180
1985
1815
1670
1555
1464
1398
1362
1350
1368
1409
1477
1572
1695
1843
2016
2215
2442
2695
2972
3276
3603
3956
4333
4734
5156
5605
6076
6570
7085
7623
8181
8761
9361
9980
10619
11277
11953
12645
13358
14084
14827
15585
16358
17144
17944
18756
19579
20415
21262
22116
22981
23854
24735
25621
26514
27414
28316
29223
30133
31043
31959
32872
33787
34700
35610
36520
37427
38329
39227
40118
41003
41882
42753
43615
44468
45310
46143
46964
47773
48570
49353
50121
50876
51614
52338
53042
53733
54404
55057
55691
56303
56899
57473
58027
58558
59069
59555
60021
60463
60881
61275
61647
61991
62313
62609
62878
63124
63345
63537
63704
63846
63961
64048
64111
64147
64156
64137
64093
64022
63924
63800
63650
63473
63271
63043
62788
62508
62203
61873
61519
61142
60739
60312
59861
59388
58894
58376
57836
57275
56694
56093
55471
54831
54171
53494
52799
52085
51357
50614
49853
49080
48293
47492
46678
45853
45017
44170
43314
42448
41573
40692
39805
38912
38014
37109
36203
35292
34380
33468
32553
31639
30726
29815
28906
28000
27098
26202
25311
24423
23546
22678
21816
20964
20122
19291
18471
17663
16867
16086
15318
14565
13827
13105
12401
11713
11044
10393
9759
9147
8555
7981
7432
6901
6393
5908
5446
5007
4589
4196
3828
3485
3165
2872
2604
2361
2144
1953
1787
1648
1537
1449
1391
1357
1350
1372
1420
1493
1593
1719
1871
2050
2254
2482
2741
3024
3331
3662
4020
4400
4807
5234
5686
6161
6658
7177
7719
8278
8865
9467
10091
10733
11394
12073
12769
13483
14213
14960
15720
16494
17283
18085
18900
19727
20563
21411
22269
23135
24008
24890
25779
26672
27572
28475
29383
30293
31206
32120
33033
33947
34861
35771
36679
37585
38487
39383
40274
41158
42034
42904
43765
44615
45457
46287
47107
47914
48707
49489
50254
51005
51742
52462
53164
53851
54521
55170
55799
56410
57002
57573
58122
58651
59157
59639
60100
60537
60953
61343
61708
62051
62367
62658
62924
63165
63380
63569
63732
63869
63979
64062
64120
64150
64153
64131
64082
64007
63905
63776
63620
63439
63231
62999
62741
62456
62148
61813
61454
61069
60664
60233
59780
59304
58803
58282
57739
57175
56590
55985
55359
54716
54053
53374
52675
51960
51227
50481
49717
48942
48153
47350
46533
45707
44868
44019
43162
42294
41419
40536
39648
38754
37854
36951
36044
35133
34220
33307
32391
31477
30566
29654
28746
27841
26940
26044
25154
24271
23394
22524
21666
20816
19975
19147
18328
17522
16728
15950
15185
14435
13700
12981
12278
11595
10928
10281
9652
9043
8453
7885
7337
6810
6306
5824
5365
4930
4516
4130
3767
3428
3112
2823
2559
2322
2108
1922
1760
1627
1519
1439
1382
1354
1354
1379
1430
1509
1612
1744
1901
2085
2293
2527
2788
3075
3387
3723
4085
4470
4878
5312
5768
6246
6748
7270
7814
8382
8969
9576
10203
10848
11513
12195
12895
13612
14343
15092
15855
16633
17423
18227
19043
19873
20711
21562
22420
23288
24163
25046
25936
26831
27731
28636
29543
30452
31366
32279
33193
34108
35021
35934
36840
37744
38645
39540
40429
41311
42188
43057
43915
44765
45604
46432
47250
48055
48848
49625
50389
51137
51870
52589
53287
53970
54636
55281
55909
56516
57103
57672
58217
58742
59243
59724
60179
60613
61023
61409
61771
62107
62420
62707
62968
63206
63416
63600
63758
63891
63995
64075
64127
64155
64152
64124
64071
63991
63883
63752
63590
63405
63192
62955
62693
62402
62090
61752
61388
61001
60590
60156
59697
59217
58715
58188
57642
57073
56484
55876
55247
54599
53934
53250
52550
51830
51096
50348
49583
48803
48011
47207
46390
45560
44721
43870
43010
42143
41266
40382
39493
38596
37695
36790
35883
34971
34061
33146
32231
31318
30406
29495
28587
27682
26781
25886
24999
24117
23241
22374
21516
20667
19829
19000
18184
17382
16592
15814
15051
14303
13571
12857
12157
11477
10813
10169
9542
8937
8351
7786
7241
6719
6219
5743
5287
4856
4445
4064
3704
3370
3060
2775
2516
2282
2074
1891
1736
1606
1504
1428
1376
1351
1356
1384
1441
1523
1633
1769
1931
2120
2334
2573
2839
3129
3445
3785
4152
4540
4953
5390
5850
6333
6837
7366
7914
8485
9074
9685
10316
10964
11632
12316
13019
13738
14475
15225
15991
16770
17565
18371
19190
20020
20861
21712
22571
23441
24318
25201
26092
26988
27889
28795
29703
30614
31528
32441
33356
34269
35182
36091
36999
37902
38803
39696
40586
41467
42342
43208
44066
44914
45750
46578
47392
48195
48985
49759
50521
51266
51997
52711
53410
54089
54750
55394
56018
56623
57206
57768
58310
58832
59329
59804
60257
60686
61093
61474
61833
62164
62471
62754
63012
63245
63451
63629
63784
63910
64011
64085
64133
64154
64149
64117
64059
63972
63862
63725
63560
63369
63153
62911
62644
62350
62033
61690
61324
60931
60514
60077
59616
59129
58622
58092
57542
56972
56378
55768
55137
54484
53817
53128
52425
51704
50967
50214
49446
48666
47872
47063
46243
45412
44571
43719
42859
41988
41110
40226
39334
38438
37538
36633
35724
34812
33899
32986
32071
31157
30245
29334
28427
27523
26624
25730
24842
23960
23088
22223
21366
20519
19683
18857
18042
17242
16453
15678
14918
14173
13444
12731
12037
11359
10699
10057
9435
8834
8251
7689
7150
6631
6134
5660
5209
4782
4380
4000
3644
3314
3007
2726
2471
2243
2040
1861
1712
1585
1487
1415
1370
1352
1359
1394
1454
1540
1656
1796
1963
2155
2373
2617
2888
3183
3503
3848
4217
4610
5029
5469
5934
6419
6929
7460
8011
8587
9180
9793
10427
11079
11750
12438
13145
13866
14605
15358
16126
16910
17704
18515
19334
20165
21008
21862
22723
23594
24474
25358
26250
27145
28048
28954
29863
30773
31688
32602
33516
34430
35341
36251
37158
38062
38960
39854
40742
41621
42494
43360
44215
45061
45896
46720
47533
48334
49122
49895
50653
51397
52124
52835
53529
54206
54864
55502
56123
56726
57306
57866
58404
58920
59413
59885
60334
60760
61162
61538
61890
62219
62522
62801
63055
63281
63484
63658
63806
63931
64026
64094
64138
64156
64144
64108
64045
63955
63839
63697
63528
63334
63114
62867
62594
62297
61974
61625
61254
60859
60440
59996
59532
59041
58533
57998
57444
56868
56272
55657
55021
54368
53695
53006
52300
51575
50836
50080
49311
48527
47732
46921
46098
45266
44423
43570
42705
41834
40957
40070
39177
38280
37378
36470
35562
34651
33739
32824
31911
30997
30084
29174
28267
27366
26468
25574
24688
23807
22935
22071
21216
20371
19537
18713
17901
17101
16317
15544
14787
14045
13318
12608
11916
11241
10584
9946
9327
8728
8151
7593
7055
6541
6049
5580
5132
4711
4311
3935
3585
3258
2956
2679
2429
2204
2005
1834
1687
1567
1473
1407
1364
1350
1364
1402
1468
1559
1679
1823
1994
2190
2414
2662
2936
3237
3562
3910
4285
4684
5104
5549
6018
6509
7022
7557
8112
8689
9288
9904
10541
11197
11871
12562
13271
13996
14736
15493
16263
17048
17847
18657
19479
20315
21159
22014
22877
23749
24628
25515
26407
27305
28208
29113
30022
30934
31848
32762
33676
34589
35501
36411
37318
38221
39119
40010
40897
41775
42648
43509
44365
45209
46042
46867
47676
48475
49259
50029
50785
51525
52250
52958
53649
54323
54978
55614
56231
56828
57406
57961
58496
59011
59499
59966
60412
60832
61230
61602
61952
62275
62574
62849
63098
63320
63516
63687
63831
63948
64039
64106
64143
64156
64141
64099
64033
63938
63816
63669
63495
63297
63071
62820
62544
62242
61916
61563
61188
60789
60363
59916
59447
58953
58439
57903
57345
56765
56167
55547
54908
54252
53576
52882
52173
51446
50704
49946
49174
48388
47589
46777
45953
45118
44272
43418
42553
41683
40800
39914
39020
38122
37219
36313
35403
34491
33577
32663
31748
30836
29925
29015
28110
27208
26310
25419
24532
23654
22783
21919
21066
20223
19390
18568
17759
16961
16178
15409
14654
13916
13193
12485
11797
11124
10471
9836
9221
8626
8051
7497
6964
6452
5966
5500
5057
4638
4243
3872
3525
3203
2906
2635
2389
2167
1973
1806
1665
1549
1461
1397
1361
1352
1367
1411
1480
1579
1703
1853
2027
2230
2456
2709
2987
3291
3620
3975
4352
4755
5180
5629
6101
6596
7112
7651
8210
8794
9394
10014
10654
11313
11990
12685
13396
14125
14869
15626
16400
17188
17989
18801
19626
20461
21309
22164
23030
23903
24784
25672
26565
27464
28367
29274
30182
31095
32009
32923
33837
34750
35661
36570
37476
38378
39275
40166
41051
41930
42799
43662
44513
45356
46189
47009
47818
48613
49396
50163
50917
51654
52377
53082
53770
54439
55092
55725
56337
56932
57506
58057
58588
59096
59582
60046
60487
60904
61297
61667
62011
62329
62626
62894
63137
63355
63547
63714
63853
63967
64053
64114
64148
64155
64137
64091
64017
63919
63793
63639
63463
63258
63029
62773
62492
62186
61856
61499
61120
60715
60288
59837
59363
58865
58347
57806
57244
56662
56058
55436
54794
54134
53456
52760
52046
51317
50573
49811
49037
48249
47447
46633
45807
44970
44123
43266
42400
41525
40645
39756
38863
37964
37060
36152
35242
34330
33416
32502
31588
30675
29765
28856
27950
27049
26154
25262
24377
23500
22630
21769
20918
20076
19245
18426
17620
16825
16043
15276
14524
13787
13068
12363
11678
11008
10357
9726
9115
8522
7953
7403
6874
6367
5883
5422
4982
4568
4177
3810
3466
3148
2857
2589
2348
2132
1942
1779
1642
1529
1446
1389
1358
1353
1374
1422
1498
1599
1726
1880
2060
2268
2500
2758
3040
3350
3682
4039
4422
4827
5258
5711
6188
6685
7207
7748
8313
8897
9501
10126
10769
11431
12111
12808
13524
14255
15001
15761
16540
17328
18132
18945
19773
20610
21457
22315
23181
24058
24939
25827
26722
27622
28526
29433
30345
31256
32170
33084
33997
34911
35821
36731
37636
38537
39431
40323
41207
42083
42952
43813
44664
45504
46334
47153
47959
48754
49533
50297
51048
51783
52502
53204
53889
54556
55204
55835
56445
57034
57603
58151
58679
59183
59666
60125
60561
60974
61364
61729
62068
62383
62673
62939
63178
63392
63579
63740
63874
63984
64067
64123
64151
64154
64129
64079
64002
63898
63767
63611
63429
63220
62986
62726
62440
62129
61794
61435
61049
60641
60209
59754
59275
58776
58253
57709
57144
56557
55949
55326
54679
54015
53336
52636
51919
51187
50440
49676
48900
48109
47304
46488
45659
44822
43972
43114
42247
41371
40490
39600
38704
37805
36901
35993
35083
34170
33255
32342
31427
30514
29604
28696
27791
26890
25996
25106
24222
23345
22479
21619
20769
19928
19099
18281
17479
16685
15907
15142
14393
13660
12942
12242
11558
10892
10244
9617
9008
8422
7854
7307
6782
6279
5799
5342
4908
4496
4111
3748
3408
3096
2808
2546
2309
2096
1913
1754
1622
1515
1434
1381
1351
1354
1379
1433
1509
1619
1750
1910
2094
2305
2542
2803
3093
3405
3742
4105
4490
4902
5336
5793
6274
6777
7302
7846
8414
9004
9611
10237
10885
11551
12233
12933
13650
14384
15134
15898
16674
17467
18272
19090
19919
20758
21609
22468
23335
24211
25095
25985
26880
27780
28686
29593
30502
31416
32330
33244
34159
35071
35981
36889
37794
38694
39589
40479
41362
42237
43104
43963
44811
45650
46479
47295
48099
48889
49666
50430
51177
51910
52626
53326
54008
54671
55317
55943
56549
57136
57702
58248
58768
59269
59747
60204
60636
61045
61430
61790
62127
62436
62723
62982
63217
63428
63609
63766
63897
64003
64077
64130
64154
64152
64122
64069
63986
63878
63742
63581
63393
63180
62940
62677
62388
62071
61732
61369
60980
60568
60131
59672
59189
58686
58159
57611
57042
56453
55842
55213
54564
53897
53213
52509
51792
51058
50307
49541
48762
47968
47162
46344
45515
44674
43822
42963
42094
41217
40334
39442
38547
37647
36741
35832
34922
34009
33094
32182
31266
30355
29443
28537
27633
26733
25839
24949
24068
23193
22326
21468
20621
19781
18954
18140
17337
16548
15773
15010
14263
13532
12818
12120
11439
10779
10134
9509
8903
8320
7757
7214
6692
6194
5718
5264
4835
4427
4044
3686
3352
3043
2761
2502
2269
2063
1883
1729
1600
1499
1424
1375
1351
1357
1386
1444
1530
1640
1778
1941
2131
2346
2586
2854
3146
3462
3804
4171
4562
4975
5414
5876
6359
6865
7395
7944
8516
9108
9718
10350
11001
11668
12355
13058
13779
14516
15268
16033
16816
17610
18417
19236
20065
20906
21759
22619
23487
24367
25251
26142
27039
27940
28845
29753
30665
31577
32493
33406
34320
35230
36140
37048
37953
38851
39746
40634
41515
42389
43255
44111
44960
45798
46623
47438
48238
49028
49802
50562
51308
52037
52751
53448
54126
54787
55428
56051
56654
57237
57799
58339
58859
59354
59830
60283
60709
61114
61494
61850
62183
62489
62771
63028
63256
63461
63639
63791
63918
64015
64087
64134
64154
64147
64115
64054
63968
63854
63715
63548
63358
63141
62897
62629
62334
62014
61669
61301
60908
60493
60051
59589
59103
58594
58063
57511
56939
56346
55733
55099
54449
53777
53091
52384
51664
50926
50173
49404
48623
47828
47019
46199
45367
44524
43673
42811
41941
41063
40177
39286
38388
37487
36582
35673
34761
33849
32935
32021
31107
30194
29284
28378
27474
26575
25682
24794
23914
23042
22176
21318
20473
19636
18810
17998
17197
16411
15636
14878
14133
13406
12694
11999
11322
10663
10022
9401
8799
8218
7657
7120
6602
6107
5636
5186
4760
4358
3979
3624
3296
2991
2712
2459
2232
2028
1852
1704
1580
1483
1414
1370
1352
1361
1396
1460
1548
1663
1804
1973
2168
2387
2632
2903
3200
3522
3866
4236
4633
5051
5494
5961
6448
6958
7491
8046
8618
9215
9829
10463
11117
11787
12476
13184
13907
14645
15400
16169
16953
17749
18560
19382
20213
21056
21910
22772
23642
24521
25407
26298
27195
28097
29003
29913
30826
31738
32652
33566
34480
35392
36302
37207
38111
39009
39903
40790
41670
42543
43407
44262
45108
45943
46766
47577
48378
49165
49937
50695
51437
52163
52874
53567
54243
54899
55539
56159
56758
57337
57894
58432
58947
59440
59910
60358
60783
61183
61558
61910
62237
62540
62816
63068
63292
63493
63666
63816
63935
64028
64097
64139
64155
64144
64108
64041
63951
63833
63688
63519
63321
63099
62850
62578
62279
61955
61607
61233
60837
60417
59972
59504
59015
58501
57968
57412
56837
56239
55623
54986
54331
53658
52968
52258
51535
50794
50038
49267
48483
47686
46874
46052
45220
44375
43520
42658
41787
40907
40022
39129
38231
37328
36421
35512
34600
33687
32774
31859
30946
30034
29126
28218
27315
26418
25527
24639
23760
22888
22023
21170
20324
19490
18668
17855
17057
16273
15501
14746
14004
13278
12570
11877
11204
10547
9911
9293
8696
8118
7563
7027
6515
6023
5556
5109
4688
4290
3916
3566
3241
2941
2665
2416
2193
1995
1825
1680
1561
1468
1402
1364
1349
1364
1404
1471
1564
1685
1830
2004
2202
2427
2679
2954
3255
3580
3931
4305
4705
5127
5574
6043
6536
7050
7587
8144
8721
9320
9938
10577
11231
11907
12600
13310
14036
14777
15534
16307
17092
17891
18702
19525
20361
21205
22061
22925
23796
24676
25562
26457
27354
28257
29163
30074
30986
31899
32813
33726
34640
35552
36462
37367
38268
39167
40060
40945
41824
42695
43559
44411
45256
46089
46911
47720
48517
49301
50071
50827
51566
52290
52998
53689
54359
55014
55651
56266
56862
57436
57992
58524
59034
59524
59991
60435
60855
61250
61624
61971
62292
62590
62861
63111
63329
63525
63693
63839
63955
64043
64109
64144
64156
64138
64097
64026
63930
63808
63661
63486
63284
63058
62805
62529
62225
61895
61543
61167
60765
60339
59893
59420
58927
58410
57873
57313
56733
56133
55513
54874
54215
53538
52844
52133
51405
50662
49904
49131
48344
47544
46732
45907
45071
44225
43370
42505
41632
40752
39864
38971
38072
37170
36262
35352
34440
33526
32613
31700
30787
29875
28966
28061
27158
26261
25370
24483
23604
22734
21872
21019
20176
19343
18525
17714
16919
16136
15368
14614
13876
13153
12446
11759
11087
10435
9802
9187
8594
8020
7467
6935
6428
5940
5475
5034
4617
4222
3850
3507
3186
2890
2623
2376
2158
1964
1798
1657
1542
1456
1392
1359
1350
1369
1414
1487
1583
1710
1860
2037
2241
2470
2724
3003
3309
3640
3994
4375
4776
5204
5654
6128
6623
7142
7682
8245
8824
9428
10050
10691
11349
12027
12722
13436
14165
14910
15670
16444
17232
18033
18847
19672
20510
21356
22213
23078
23951
24833
25720
26613
27513
28416
29323
30233
31146
32061
32974
33888
34800
35712
36620
37526
38429
39323
40215
41099
41980
42849
43710
44561
45403
46235
47054
47862
48657
49437
50205
50958
51695
52416
53120
53808
54477
55128
55760
56372
56964
57535
58088
58615
59123
59610
60071
60511
60927
61319
61687
62029
62347
62641
62908
63150
63367
63557
63724
63860
63971
64058
64116
64149
64156
64134
64087
64012
63912
63784
63631
63454
63245
63015
62758
62476
62167
61836
61479
61098
60694
60266
59811
59336
58836
58317
57774
57212
56628
56024
55401
54758
54097
53417
52720
52008
51277
50530
49771
48996
48206
47402
46588
45760
44923
44077
43221
42353
41478
40597
39708
38814
37915
37010
36104
35193
34281
33366
32451
31538
30626
29714
28807
27899
26998
26103
25214
24330
23452
22582
21721
20871
20029
19199
18382
17574
16781
16000
15235
14483
13748
13028
12325
11640
10971
10323
9692
9083
8491
7921
7372
6845
6339
5856
5396
4959
4544
4155
3790
3448
3133
2842
2576
2335
2122
1933
1773
1635
1526
1444
1387
1356
1354
1377
1426
1502
1607
1735
1890
2071
2280
2511
2772
3057
3366
3700
4061
4443
4851
5282
5738
6213
6713
7236
7781
8345
8930
9535
10161
10805
11467
12150
12847
13563
14295
15043
15805
16581
17372
18176
18991
19818
20657
21505
22363
23230
24107
24988
25877
26772
27672
28575
29483
30394
31306
32220
33134
34047
34960
35871
36779
37685
38586
39482
40372
41255
42132
43000
43859
44709
45551
46378
47198
48002
48795
49574
50338
51089
51823
52541
53242
53926
54593
55240
55867
56478
57066
57634
58181
58706
59210
59691
60151
60585
60997
61386
61748
62086
62401
62689
62952
63190
63401
63588
63747
63882
63989
64071
64124
64153
64152
64127
64076
63996
63889
63760
63601
63418
63207
62972
62709
62422
62111
61775
61414
61028
60620
60186
59728
59249
58748
58223
57677
57110
56524
55917
55288
54643
53978
53295
52595
51879
51146
50397
49634
48855
48063
47260
46442
45614
44776
43925
43067
42200
41324
40440
39551
38656
37755
36850
35942
35032
34119
33206
32291
31376
30465
29554
28647
27742
26841
25946
25057
24175
23298
22430
21572
20722
19882
19055
18237
17432
16642
15865
15102
14353
13619
12902
12203
11520
10857
10210
9583
8976
8390
7823
7279
6754
6253
5773
5317
4883
4475
4090
3728
3389
3081
2793
2532
2295
2085
1903
1745
1614
1508
1429
1378
1353
1355
1382
1436
1518
1626
1760
1919
2106
2318
2557
2821
3109
3421
3762
4125
4514
4924
5359
5818
6299
6803
7330
7878
8446
9036
9643
10272
10921
11587
12270
12973
13690
14425
15175
15940
16719
17512
18317
19135
19963
20805
21655
22517
23384
24261
25143
26034
26930
27830
28736
29645
30554
31467
32382
33295
34209
35121
36031
36938
37843
38742
39638
40526
41409
42284
43151
44010
44860
45697
46525
47340
48143
48932
49710
50471
51219
51951
52665
53364
54045
54708
55352
55977
56583
57167
57731
58276
58797
59297
59774
60228
60660
61068
61449
61811
62142
62454
62738
62997
63230
63439
63618
63774
63903
64004
64082
64130
64154
64150
64120
64063
63979
63870
63733
63571
63382
63169
62928
62663
62370
62055
61714
61348
60958
60543
60105
59647
59162
58656
58129
57580
57010
56419
55808
55177
54527
53861
53175
52471
51751
51015
50264
49498
48717
47924
47116
46300
45468
44627
43776
42914
42045
41169
40284
39394
38497
37596
36691
35782
34871
33957
33044
32130
31216
30304
29394
28486
27584
26683
25790
24901
24019
23145
22279
21421
20574
19736
18911
18096
17294
16505
15729
14968
14222
13492
12779
12083
11402
10741
10098
9475
8872
8288
7725
7185
6664
6167
5691
5238
4810
4406
4024
3668
3334
3025
2745
2490
2259
2053
1875
1718
1593
1493
1418
1372
1352
1358
1390
1450
1535
1648
1786
1951
2142
2358
2602
2868
3162
3479
3822
4191
4582
4999
5439
5903
6387
6895
7424
7977
8550
9140
9753
10386
11037
11706
12393
13097
13817
14555
15309
16076
16858
17655
18461
19281
20111
20954
21805
22667
23538
24414
25299
26191
27088
27991
28895
29802
30713
31628
32540
33456
34369
35282
36192
37099
38002
38903
39796
40684
41564
42438
43304
44161
45007
45842
46669
47482
48283
49070
49845
50603
51348
52077
52789
53483
54162
54822
55463
56085
56686
57268
57829
58369
58886
59381
59856
60306
60733
61136
61514
61867
62198
62505
62784
63038
63269
63471
63647
63799
63924
64021
64092
64138
64156
64147
64112
64049
63961
63849
63706
63540
63346
63127
62883
62613
62316
61996
61652
61280
60887
60468
60028
59562
59075
58564
58034
57481
56907
56312
55697
55065
54410
53739
53051
52346
51623
50885
50132
49362
48579
47784
46974
46154
45320
44478
43624
42763
41893
41014
40128
39236
38339
37438
36531
35622
34711
33797
32883
31970
31057
30145
29234
28329
27425
26526
25633
24745
23865
22993
22128
21272
20425
19590
18767
17954
17153
16367
15594
14836
14092
13366
12655
11961
11284
10627
9988
9367
8767
8187
7627
7091
6575
6081
5608
5160
4737
4337
3959
3605
3278
2975
2699
2446
2219
2019
1845
1696
1575
1479
1408
1366
1350
1361
1398
1462
1552
1669
1812
1983
2178
2399
2648
2918
3216
3539
3886
4259
4656
5076
5518
5984
6474
6986
7519
8074
8650
9245
9862
10496
11151
11824
12516
13223
13947
14687
15442
16212
16996
17793
18605
19426
20259
21103
21956
22819
23692
24570
25455
26348
27246
28147
29054
29962
30875
31788
32703
33614
34529
35441
36351
37257
38158
39058
39951
40840
41719
42591
43455
44309
45154
45988
46812
47623
48422
49208
49980
50737
51478
52203
52912
53605
54280
54936
55574
56192
56789
57368
57925
58461
58975
59466
59936
60383
60806
61205
61581
61929
62257
62556
62831
63081
63305
63504
63676
63822
63942
64036
64102
64142
64155
64142
64103
64036
63945
63825
63679
63508
63310
63086
62837
62561
62264
61938
61588
61214
60815
60391
59949
59479
58987
58473
57938
57381
56805
56205
55589
54951
54295
53620
52930
52219
51494
50751
49996
49226
48439
47641
46831
46007
45173
44328
43473
42610
41738
40859
39972
39078
38181
37279
36372
35462
34551
33637
32723
31810
30896
29984
29074
28168
27267
26369
25476
24591
23712
22839
21975
21121
20277
19445
18622
17812
17014
16231
15460
14704
13964
13241
12531
11840
11168
10514
9876
9261
8664
8088
7533
6999
6488
5996
5530
5086
4664
4267
3895
3545
3224
2925
2652
2405
2182
1987
1816
1672
1553
1464
1398
1361
1349
1365
1407
1477
1572
1693
1842
2016
2214
2440
2691
2967
3271
3597
3950
4326
4727
5152
5599
6070
6566
7078
7617
8176
8754
9354
9973
10612
11270
11946
12640
13351
14076
14820
15578
16350
17135
17936
18747
19571
20406
21252
22109
22972
23844
24726
25612
26504
27404
28307
29214
30125
31036
31948
32865
33777
34690
35602
36512
37417
38319
39216
40109
40994
41872
42743
43606
44460
45302
46134
46956
47764
48561
49343
50114
50868
51607
52331
53037
53726
54397
55050
55684
56300
56896
57468
58022
58554
59063
59551
60014
60457
60876
61273
61642
61989
62310
62607
62877
63123
63344
63535
63704
63844
63961
64047
64110
64146
64157
64137
64094
64022
63926
63801
63652
63476
63272
63044
62791
62512
62208
61878
61525
61146
60743
60316
59867
59393
58899
58381
57841
57281
56701
56098
55478
54836
54177
53501
52805
52093
51366
50621
49862
49088
48300
47499
46687
45862
45026
44180
43324
42457
41584
40704
39816
38922
38023
37118
36212
35303
34390
33476
32562
31648
30735
29824
28915
28010
27107
26211
25320
24434
23557
22686
21825
20973
20130
19300
18481
17671
16876
16093
15325
14572
13835
13113
12407
11721
11051
10399
9769
9155
8561
7989
7437
6907
6398
5912
5451
5010
4593
4200
3833
3489
3169
2876
2605
2365
2146
1954
1789
1650
1537
1450
1393
1359
1351
1373
1417
1491
1592
1717
1870
2049
2253
2482
2737
3021
3327
3659
4016
4398
4802
5229
5680
6157
6653
7171
7713
8275
8858
9460
10084
10727
11386
12065
12763
13474
14205
14950
15712
16486
17276
18079
18893
19718
20555
21403
22261
23126
24001
24881
25770
26664
27562
28466
29375
30285
31196
32110
33023
33938
34849
35762
36670
37575
38476
39374
40265
41150
42026
42896
43755
44607
45449
46280
47099
47906
48700
49480
50247
50999
51735
52455
53159
53845
54513
55163
55793
56404
56997
57567
58118
58645
59152
59636
60095
60534
60947
61340
61707
62047
62365
62658
62921
63163
63378
63567
63731
63866
63978
64061
64118
64149
64154
64131
64082
64007
63904
63778
63622
63443
63235
63002
62743
62460
62151
61818
61460
61075
60668
60239
59785
59309
58808
58287
57745
57180
56595
55992
55367
54722
54060
53379
52681
51965
51235
50487
49726
48949
48161
47358
46542
45717
44878
44030
43171
42305
41430
40548
39660
38765
37865
36961
36053
35142
34229
33317
32401
31487
30576
29664
28757
27850
26949
26053
25164
24279
23403
22534
21674
20825
19984
19155
18336
17530
16737
15958
15194
14442
13707
12989
12287
11602
10937
10288
9659
9049
8460
7889
7343
6816
6312
5828
5370
4934
4521
4133
3770
3430
3116
2826
2562
2323
2110
1924
1763
1629
1521
1437
1381
1354
1352
1379
1429
1507
1611
1741
1898
2082
2293
2527
2788
3074
3383
3720
4081
4466
4874
5305
5764
6240
6742
7266
7810
8376
8963
9570
10196
10842
11505
12187
12887
13603
14336
15084
15847
16625
17415
18220
19036
19863
20704
21553
22411
23278
24154
25037
25927
26821
27722
28627
29534
30444
31356
32269
33184
34099
35011
35921
36831
37734
38634
39530
40421
41303
42180
43047
43906
44756
45596
46424
47241
48046
48839
49616
50380
51130
51863
52580
53280
53965
54630
55275
55901
56510
57097
57666
58211
58736
59238
59718
60176
60609
61018
61406
61767
62104
62416
62704
62965
63203
63412
63598
63755
63888
63994
64073
64127
64151
64152
64124
64071
63992
63885
63749
63592
63409
63196
62959
62696
62408
62093
61755
61392
61006
60596
60160
59702
59222
58718
58194
57647
57078
56491
55882
55252
54607
53941
53258
52557
51838
51104
50354
49590
48813
48022
47216
46397
45568
44728
43879
43018
42151
41276
40391
39501
38607
37706
36801
35892
34982
34068
33157
32240
31326
30414
29505
28598
27692
26792
25896
25009
24125
23250
22382
21524
20675
19836
19009
18193
17389
16599
15821
15059
14311
13580
12862
12165
11482
10820
10175
9549
8944
8358
7791
7247
6724
6225
5748
5290
4860
4452
4068
3708
3373
3063
2779
2520
2283
2077
1893
1736
1607
1504
1428
1377
1354
1355
1384
1441
1523
1633
1768
1930
2117
2331
2571
2836
3124
3440
3781
4147
4536
4948
5385
5846
6328
6833
7359
7908
8479
9068
9678
10307
10956
11623
12310
13011
13729
14465
15217
15983
16763
17556
18363
19182
20010
20851
21703
22562
23432
24309
25192
26083
26979
27880
28786
29694
30605
31517
32431
33344
34258
35172
36083
36990
37894
38793
39687
40575
41457
42331
43198
44056
44904
45742
46568
47383
48187
48977
49752
50513
51259
51990
52703
53402
54081
54743
55386
56010
56614
57200
57764
58305
58825
59324
59800
60252
60683
61087
61469
61826
62161
62469
62752
63011
63242
63447
63628
63781
63908
64012
64085
64132
64154
64148
64118
64060
63976
63863
63727
63561
63371
63154
62913
62647
62354
62037
61693
61325
60935
60519
60080
59621
59135
58628
58098
57548
56976
56386
55774
55143
54492
53822
53134
52432
51711
50975
50223
49455
48676
47879
47073
46251
45421
44580
43728
42867
41997
41120
40235
39344
38448
37547
36641
35732
34821
33909
32995
32080
31166
30254
29344
28437
27533
26634
25742
24853
23973
23098
22231
21374
20527
19690
18865
18051
17250
16460
15687
14926
14180
13451
12739
12044
11366
10706
10063
9442
8839
8256
7693
7154
6636
6139
5665
5214
4787
4383
4004
3649
3316
3012
2729
2475
2245
2041
1864
1713
1586
1488
1415
1370
1350
1358
1392
1454
1540
1653
1795
1960
2153
2370
2615
2884
3179
3499
3844
4214
4606
5024
5465
5928
6415
6924
7453
8007
8580
9173
9787
10420
11071
11741
12431
13136
13859
14598
15352
16119
16900
17697
18505
19326
20157
21002
21854
22715
23585
24462
25349
26240
27138
28038
28944
29852
30764
31676
32592
33507
34419
35331
36242
37149
38051
38950
39845
40731
41612
42484
43350
44206
45053
45888
46712
47526
48327
49114
49886
50646
51388
52117
52827
53523
54200
54858
55499
56119
56719
57300
57860
58398
58915
59409
59882
60329
60756
61157
61536
61888
62217
62520
62799
63052
63281
63482
63657
63806
63928
64026
64095
64138
64155
64146
64108
64045
63957
63841
63699
63531
63335
63114
62870
62597
62301
61976
61631
61259
60864
60445
60003
59537
59047
58536
58003
57449
56874
56280
55664
55029
54375
53703
53014
52308
51584
50843
50088
49319
48535
47739
46928
46108
45274
44430
43576
42713
41844
40965
40081
39188
38290
37387
36483
35574
34662
33747
32833
31919
31006
30095
29185
28279
27376
26478
25585
24698
23816
22944
22079
21225
20378
19545
18721
17909
17110
16324
15551
14794
14051
13326
12617
11924
11249
10591
9954
9335
8736
8157
7600
7061
6547
6054
5586
5138
4714
4315
3939
3587
3262
2960
2684
2432
2207
2009
1836
1689
1569
1474
1406
1365
1350
1362
1404
1467
1559
1677
1821
1993
2190
2412
2661
2933
3234
3558
3907
4281
4678
5099
5546
6012
6502
7014
7549
8106
8682
9279
9899
10533
11189
11864
12555
13263
13988
14728
15484
16254
17039
17838
18649
19471
20307
21150
22004
22868
23740
24618
25505
26396
27296
28198
29106
30013
30925
31838
32753
33668
34580
35492
36401
37307
38211
39109
40000
40887
41767
42639
43501
44355
45200
46034
46857
47668
48467
49251
50022
50777
51519
52243
52952
53643
54316
54972
55608
56225
56821
57399
57956
58490
59004
59494
59961
60407
60828
61225
61599
61949
62273
62573
62845
63094
63317
63513
63685
63829
63947
64039
64105
64142
64157
64140
64099
64034
63937
63817
63670
63498
63298
63073
62823
62547
62245
61919
61567
61193
60791
60369
59923
59452
58959
58445
57907
57350
56772
56173
55553
54915
54258
53583
52889
52180
51453
50710
49954
49182
48397
47597
46785
45962
45127
44281
43426
42563
41689
40809
39923
39030
38131
37228
36322
35412
34501
33586
32674
31760
30846
29934
29025
28118
27216
26320
25426
24542
23664
22791
21928
21076
20232
19400
18576
17768
16971
16188
15418
14663
13923
13200
12493
11803
11131
10477
9842
9227
8632
8056
7503
6970
6458
5970
5505
5062
4643
4247
3876
3528
3207
2909
2638
2393
2173
1978
1809
1666
1548
1461
1398
1361
1350
1369
1412
1482
1578
1700
1849
2025
2225
2455
2707
2985
3290
3616
3973
4347
4751
5175
5625
6096
6592
7106
7646
8205
8786
9386
10009
10647
11307
11984
12678
13388
14117
14860
15620
16392
17179
17980
18792
19617
20454
21299
22156
23020
23893
24773
25663
26555
27455
28356
29264
30174
31085
31999
32914
33829
34741
35651
36563
37467
38369
39266
40157
41043
41921
42791
43653
44505
45348
46182
47001
47811
48605
49387
50156
50909
51648
52369
53076
53764
54435
55086
55718
56332
56926
57499
58052
58582
59092
59577
60040
60483
60899
61292
61661
62007
62327
62622
62890
63135
63355
63546
63715
63852
63965
64054
64114
64147
64154
64134
64089
64018
63919
63793
63642
63464
63262
63032
62778
62496
62190
61858
61503
61124
60720
60291
59841
59367
58870
58353
57812
57251
56667
56066
55443
54800
54142
53462
52767
52055
51326
50579
49819
49045
48256
47454
46642
45816
44979
44132
43274
42408
41536
40654
39766
38871
37972
37069
36161
35252
34340
33427
32512
31598
30685
29774
28865
27960
27058
26162
25271
24386
23509
22640
21778
20926
20085
19255
18435
17628
16832
16049
15283
14532
13795
13074
12371
11684
11015
10365
9734
9121
8529
7958
7407
6879
6371
5887
5424
4987
4572
4179
3813
3470
3151
2859
2591
2351
2135
1944
1783
1644
1533
1446
1389
1357
1351
1374
1421
1495
1598
1724
1879
2057
2265
2496
2754
3036
3345
3677
4036
4419
4824
5253
5707
6182
6680
7201
7743
8306
8889
9494
10120
10762
11424
12105
12802
13516
14246
14993
15753
16529
17319
18123
18937
19763
20601
21449
22307
23174
24049
24928
25819
26712
27611
28517
29423
30335
31247
32160
33074
33988
34902
35812
36721
37625
38527
39423
40314
41197
42075
42943
43803
44654
45496
46326
47144
47950
48744
49524
50289
51040
51775
52495
53197
53882
54550
55198
55828
56437
57030
57596
58147
58673
59178
59661
60121
60557
60971
61359
61726
62065
62381
62672
62935
63174
63389
63578
63739
63875
63982
64066
64124
64152
64156
64130
64080
64003
63901
63769
63613
63431
63223
62989
62729
62445
62132
61797
61437
61052
60646
60215
59761
59281
58782
58258
57714
57149
56563
55958
55332
54687
54023
53341
52644
51926
51194
50446
49684
48907
48116
47313
46497
45671
44833
43982
43124
42256
41381
40499
39609
38714
37814
36909
36003
35091
34179
33265
32350
31436
30524
29613
28706
27800
26900
26004
25115
24231
23355
22487
21628
20778
19937
19109
18291
17486
16692
15915
15150
14402
13667
12949
12248
11564
10900
10252
9623
9014
8428
7860
7313
6787
6285
5803
5344
4912
4501
4113
3751
3412
3100
2811
2548
2311
2100
1915
1754
1623
1514
1435
1380
1355
1353
1380
1433
1512
1616
1750
1908
2092
2304
2540
2802
3088
3403
3739
4102
4488
4899
5331
5788
6268
6770
7293
7842
8407
8996
9603
10232
10878
11544
12225
12926
13643
14377
15125
15889
16667
17458
18265
19082
19910
20750
21599
22459
23326
24203
25086
25975
26870
27771
28677
29584
30495
31407
32320
33235
34149
35062
35972
36879
37785
38685
39580
40470
41351
42226
43095
43954
44802
45641
46470
47286
48090
48881
49659
50423
51171
51902
52619
53318
54001
54665
55310
55936
56544
57132
57696
58241
58764
59265
59744
60200
60632
61041
61425
61786
62122
62433
62720
62980
63214
63423
63607
63764
63894
63998
64079
64129
64153
64151
64124
64069
63987
63877
63744
63583
63396
63183
62944
62678
62390
62075
61736
61371
60984
60573
60135
59677
59195
58690
58164
57617
57048
56458
55849
55221
54570
53904
53219
52518
51799
51064
50315
49550
48770
47977
47171
46353
45522
44681
43831
42971
42104
41226
40342
39453
38557
37657
36751
35842
34932
34018
33105
32191
31277
30364
29455
28546
27643
26742
25848
24960
24079
23203
22335
21477
20628
19791
18964
18149
17344
16556
15778
15017
14271
13540
12825
12126
11446
10786
10141
9516
8910
8326
7762
7220
6697
6198
5721
5268
4836
4432
4047
3690
3356
3047
2763
2505
2272
2066
1884
1730
1601
1499
1424
1374
1352
1356
1387
1444
1528
1640
1776
1940
2128
2344
2585
2851
3142
3459
3800
4168
4557
4972
5410
5871
6355
6860
7389
7939
8509
9102
9710
10343
10993
11662
12347
13051
13772
14506
15259
16025
16805
17601
18407
19226
20057
20900
21751
22612
23481
24356
25242
26131
27027
27930
28836
29744
30655
31568
32481
33396
34309
35222
36132
37039
37944
38843
39737
40625
41506
42380
43246
44104
44953
45788
46614
47429
48231
49019
49794
50554
51300
52030
52742
53439
54119
54779
55422
56046
56648
57232
57793
58333
58853
59350
59826
60277
60706
61112
61492
61847
62178
62487
62767
63023
63253
63460
63637
63790
63916
64016
64088
64134
64156
64148
64115
64055
63969
63857
63717
63551
63360
63143
62900
62631
62337
62018
61676
61305
60914
60495
60058
59594
59108
58600
58068
57518
56944
56351
55739
55107
54456
53785
53097
52391
51670
50932
50181
49413
48631
47834
47027
46207
45376
44533
43680
42819
41948
41071
40187
39294
38398
37497
36592
35682
34772
33858
32944
32030
31117
30205
29296
28388
27484
26585
25691
24804
23922
23049
22184
21328
20481
19644
18820
18007
17205
16418
15645
14886
14141
13413
12701
12005
11327
10668
10029
9408
8807
8225
7665
7124
6607
6112
5640
5189
4764
4361
3983
3629
3298
2996
2714
2462
2234
2032
1856
1704
1581
1484
1414
1369
1351
1362
1395
1456
1547
1662
1801
1970
2164
2383
2632
2899
3196
3517
3864
4234
4631
5047
5490
5956
6443
6952
7487
8039
8614
9209
9824
10457
11110
11780
12470
13177
13898
14638
15392
16161
16944
17741
18550
19371
20204
21047
21901
22763
23633
24512
25397
26289
27186
28088
28994
29905
30815
31728
32642
33556
34470
35381
36292
37198
38101
38999
39894
40779
41662
42534
43397
44253
45100
45935
46759
47570
48370
49157
49929
50687
51429
52157
52867
53561
54234
54894
55531
56152
56750
57331
57891
58428
58943
59435
59907
60354
60778
61179
61555
61908
62234
62539
62813
63066
63292
63492
63666
63813
63935
64029
64100
64140
64157
64145
64107
64042
63952
63835
63690
63521
63324
63102
62854
62581
62282
61959
61609
61238
60842
60423
59976
59510
59020
58508
57973
57419
56842
56245
55628
54993
54338
53666
52975
52267
51544
50802
50047
49277
48493
47695
46884
46062
45227
44385
43529
42667
41795
40916
40029
39138
38240
37337
36431
35523
34611
33697
32782
31868
30955
30044
29133
28228
27326
26429
25536
24648
23769
22897
22033
21177
20333
19499
18676
17864
17068
16283
15511
14754
14013
13287
12578
11886
11211
10555
9919
9301
8703
8123
7568
7034
6520
6028
5559
5114
4692
4293
3919
3570
3243
2944
2670
2420
2197
1998
1827
1682
1563
1470
1403
1363
1350
1364
1405
1472
1563
1684
1830
2002
2200
2425
2675
2951
3252
3577
3927
4302
4700
5122
5570
6038
6531
7045
7580
8137
8715
9314
9933
10569
11227
11901
12592
13302
14027
14770
15527
16299
17083
17882
18694
19518
20353
21198
22051
22916
23788
24667
25554
26447
27344
28247
29153
30063
30974
31889
32803
33718
34632
35543
36453
37357
38260
39158
40049
40935
41813
42685
43548
44402
45248
46081
46903
47711
48509
49292
50063
50818
51558
52283
52991
53680
54352
55008
55644
56259
56856
57431
57985
58519
59032
59520
59987
60430
60850
61247
61619
61968
62291
62587
62861
63109
63330
63524
63694
63837
63954
64045
64107
64145
64156
64139
64096
64027
63932
63812
63663
63486
63287
63060
62808
62531
62226
61900
61547
61171
60768
60345
59896
59426
58932
58416
57877
57318
56738
56140
55519
54881
54222
53546
52852
52140
51414
50671
49913
49139
48354
47551
46740
45914
45080
44235
43379
42514
41642
40761
39875
38981
38082
37181
36272
35362
34451
33537
32623
31707
30794
29883
28974
28068
27168
26271
25378
24493
23615
22744
21882
21028
20185
19351
18532
17722
16928
16145
15376
14622
13884
13160
12454
11765
11095
10442
9808
9193
8599
8025
7472
6941
6431
5945
5479
5038
4620
4227
3856
3510
3189
2893
2623
2378
2157
1966
1799
1658
1543
1456
1393
1360
1350
1370
1414
1486
1584
1707
1858
2035
2239
2466
2720
3001
3305
3636
3991
4370
4774
5200
5650
6124
6620
7137
7676
8237
8819
9421
10043
10683
11343
12020
12717
13428
14157
14902
15661
16435
17224
18026
18839
19663
20500
21347
22203
23068
23942
24824
25710
26605
27503
28407
29314
30224
31136
32050
32965
33878
34790
35702
36610
37516
38417
39315
40205
41090
41968
42839
43701
44551
45394
46226
47045
47851
48647
49429
50197
50950
51687
52408
53113
53800
54469
55121
55752
56366
56958
57530
58081
58611
59119
59604
60066
60506
60922
61312
61682
62026
62344
62637
62907
63149
63367
63556
63720
63859
63971
64057
64116
64149
64156
64133
64086
64013
63913
63785
63632
63455
63249
63018
62761
62479
62173
61840
61482
61102
60696
60267
59816
59338
58843
58322
57781
57219
56635
56031
55408
54767
54105
53424
52728
52014
51285
50538
49777
49002
48213
47410
46595
45770
44931
44084
43227
42361
41487
40606
39718
38824
37924
37019
36111
35202
34290
33375
32461
31548
30634
29723
28815
27910
27009
26113
25222
24338
23461
22592
21731
20879
20039
19208
18388
17583
16788
16008
15242
14491
13755
13037
12333
11647
10978
10328
9699
9087
8497
7927
7378
6850
6345
5862
5401
4962
4549
4158
3793
3453
3136
2844
2578
2339
2123
1935
1773
1636
1528
1444
1387
1356
1353
1375
1425
1499
1603
1733
1887
2069
2277
2512
2768
3052
3363
3697
4055
4441
4846
5277
5731
6208
6708
7231
7774
8339
8922
9530
10154
10798
11460
12141
12840
13555
14287
15033
15795
16571
17363
18166
18982
19809
20647
21497
22354
23221
24094
24978
25868
26764
27662
28566
29475
30386
31298
32211
33124
34038
34951
35863
36770
37675
38575
39473
40361
41246
42122
42990
43851
44700
45543
46370
47188
47994
48787
49565
50331
51079
51814
52533
53236
53919
54586
55233
55862
56471
57060
57628
58176
58701
59205
59687
60145
60582
60994
61379
61746
62082
62398
62687
62951
63189
63400
63587
63746
63881
63989
64069
64124
64152
64152
64128
64077
63999
63893
63761
63603
63420
63209
62975
62714
62427
62115
61779
61418
61032
60623
60190
59735
59256
58754
58228
57684
57117
56529
55923
55295
54650
53984
53304
52603
51887
51155
50407
49642
48863
48072
47268
46452
45623
44784
43934
43076
42208
41332
40449
39560
38665
37764
36861
35952
35041
34130
33215
32301
31387
30474
29564
28655
27752
26851
25955
25065
24184
23307
22440
21581
20731
19892
19064
18247
17441
16651
15873
15109
14360
13627
12908
12210
11529
10863
10217
9589
8983
8395
7830
7282
6760
6258
5777
5322
4888
4478
4093
3730
3394
3081
2796
2533
2298
2088
1904
1745
1614
1510
1431
1379
1354
1354
1381
1437
1518
1625
1757
1918
2103
2316
2554
2817
3106
3421
3757
4121
4509
4921
5356
5814
6296
6799
7326
7874
8440
9029
9638
10266
10913
11579
12262
12965
13684
14418
15167
15932
16711
17505
18310
19128
19956
20796
21646
22505
23374
24252
25135
26025
26920
27821
28725
29635
30545
31458
32372
33286
34200
35112
36022
36930
37834
38734
39630
40518
41401
42275
43143
44001
44848
45687
46515
47330
48134
48923
49700
50464
51211
51942
52659
53356
54037
54700
55347
55972
56576
57162
57727
58270
58793
59291
59769
60225
60655
61063
61446
61806
62142
62450
62735
62994
63229
63436
63617
63771
63902
64005
64081
64131
64153
64150
64120
64064
63981
63872
63734
63573
63385
63171
62930
62665
62374
62058
61718
61352
60962
60547
60109
59650
59167
58661
58134
57585
57014
56425
55814
55184
54535
53867
53182
52479
51759
51023
50272
49506
48727
47932
47126
46307
45478
44635
43784
42923
42054
41178
40293
39403
38507
37606
36700
35792
34881
33968
33055
32141
31226
30314
29404
28495
27593
26693
25800
24911
24028
23154
22288
21431
20583
19746
18919
18104
17303
16513
15737
14978
14231
13502
12786
12090
11410
10747
10105
9483
8878
8294
7731
7189
6669
6169
5697
5244
4814
4410
4027
3671
3337
3032
2748
2492
2260
2055
1875
1722
1595
1491
1420
1372
1351
1356
1389
1449
1534
1647
1784
1947
2139
2356
2598
2866
3160
3477
3820
4187
4579
4994
5434
5897
6382
6890
7418
7969
8541
9134
9747
10379
11030
11698
12386
13090
13811
14549
15300
16068
16851
17645
18451
19272
20102
20944
21796
22658
23528
24406
25291
26180
27078
27978
28884
29794
30706
31619
32532
33446
34360
35271
36181
37089
37992
38890
39785
40673
41554
42428
43294
44150
44997
45833
46660
47472
48274
49061
49835
50595
51341
52070
52782
53477
54155
54815
55456
56079
56680
57261
57824
58364
58881
59378
59850
60300
60728
61132
61512
61866
62198
62500
62782
63036
63265
63469
63647
63798
63922
64020
64091
64137
64155
64147
64113
64051
63964
63851
63709
63543
63348
63130
62885
62617
62320
62000
61655
61286
60891
60473
60032
59568
59079
58571
58041
57487
56912
56318
55705
55070
54418
53748
53059
52354
51632
50892
50139
49370
48587
47792
46982
46162
45329
44487
43633
42772
41901
41024
40137
39246
38348
37446
36541
35633
34721
33809
32894
31978
31065
30153
29243
28337
27434
26535
25642
24755
23872
23001
22136
21280
20434
19600
18774
17962
17162
16375
15601
14844
14100
13373
12661
11968
11291
10632
9994
9373
8774
8195
7634
7097
6580
6086
5616
5167
4742
4340
3964
3610
3280
2979
2700
2449
2222
2021
1845
1696
1574
1477
1408
1367
1351
1361
1399
1460
1553
1669
1809
1979
2175
2396
2642
2916
3213
3536
3882
4255
4651
5072
5515
5981
6471
6981
7515
8069
8645
9240
9855
10490
11146
11818
12507
13216
13939
14680
15435
16204
16987
17785
18596
19419
20250
21093
21947
22810
23681
24561
25447
26339
27237
28139
29045
29954
30866
31779
32692
33607
34520
35431
36341
37248
38151
39049
39943
40829
41709
42580
43444
44301
45145
45980
46803
47614
48413
49199
49971
50729
51473
52197
52906
53599
54274
54930
55568
56185
56785
57363
57921
58457
58969
59461
59930
60378
60800
61200
61575
61925
62252
62553
62827
63079
63303
63502
63674
63820
63939
64033
64101
64141
64154
64142
64103
64039
63946
63826
63683
63510
63312
63089
62841
62565
62267
61941
61591
61218
60820
60397
59952
59483
58991
58478
57944
57387
56810
56212
55594
54957
54301
53628
52936
52228
51502
50761
50005
49233
48448
47649
46839
46016
45182
44337
43483
42620
41747
40866
39981
39090
38192
37287
36382
35472
34560
33646
32733
31819
30906
29993
29084
28178
27276
26377
25486
24600
23720
22849
21986
21130
20285
19452
18631
17821
17022
16238
15468
14711
13970
13246
12538
11848
11174
10521
9883
9268
8671
8093
7537
7004
6490
6000
5533
5090
4669
4272
3900
3552
3227
2927
2654
2407
2185
1988
1818
1673
1557
1465
1401
1364
1350
1366
1407
1475
1569
1692
1840
2014
2213
2438
2689
2966
3268
3593
3947
4322
4723
5147
5596
6065
6559
7071
7611
8169
8747
9346
9967
10605
11263
11939
12632
13341
14068
14811
15569
16341
17127
17927
18738
19562
20397
21243
22098
22964
23836
24716
25603
26497
27395
28298
29206
30114
31026
31939
32853
33766
34681
35591
36500
37407
38309
39207
40099
40984
41863
42734
43597
44449
45294
46125
46947
47756
48552
49335
50105
50860
51600
52323
53028
53719
54390
55043
55677
56293
56888
57463
58016
58548
59058
59547
60012
60454
60873
61269
61638
61986
62307
62603
62874
63120
63341
63533
63702
63843
63960
64049
64112
64146
64158
64139
64094
64023
63926
63803
63653
63477
63275
63046
62793
62514
62211
61880
61529
61149
60748
60320
59871
59399
58903
58387
57846
57287
56706
56106
55485
54844
54185
53507
52814
52101
51372
50629
49870
49097
48310
47508
46697
45871
45035
44188
43332
42467
41594
40712
39826
38931
38032
37129
36222
35310
34399
33486
32572
31657
30746
29835
28926
28019
27118
26221
25330
24445
23566
22696
21835
20983
20141
19309
18487
17680
16884
16102
15334
14580
13843
13122
12416
11728
11059
10406
9774
9160
8567
7994
7444
6912
6405
5918
5455
5013
4597
4204
3835
3491
3172
2878
2611
2365
2148
1956
1791
1652
1538
1451
1392
1359
1350
1371
1417
1492
1589
1716
1868
2044
2249
2480
2735
3018
3324
3654
4011
4391
4796
5225
5675
6150
6648
7165
7707
8267
8851
9454
10077
10719
11379
12059
12756
13469
14199
14943
15705
16479
17268
18069
18883
19709
20546
21392
22249
23116
23991
24871
25760
26654
27555
28458
29365
30275
31188
32101
33014
33929
34842
35752
36662
37567
38467
39365
40254
41140
42017
42886
43745
44598
45442
46271
47090
47897
48692
49473
50240
50991
51728
52447
53152
53836
54506
55157
55786
56398
56990
57559
58111
58640
59145
59631
60092
60529
60944
61335
61701
62042
62361
62654
62918
63161
63377
63565
63728
63866
63977
64060
64119
64151
64157
64131
64083
64006
63906
63779
63624
63443
63237
63002
62746
62462
62154
61820
61461
61079
60674
60243
59789
59313
58814
58294
57751
57186
56602
55997
55373
54729
54067
53388
52690
51973
51242
50496
49735
48959
48169
47367
46551
45723
44885
44037
43180
42313
41439
40556
39668
38773
37875
36969
36061
35150
34239
33325
32412
31497
30585
29673
28765
27860
26960
26064
25173
24289
23412
22544
21684
20832
19992
19163
18343
17538
16745
15966
15200
14450
13716
12996
12294
11610
10943
10295
9666
9055
8465
7896
7347
6821
6316
5835
5376
4940
4526
4138
3772
3434
3119
2829
2564
2326
2112
1926
1764
1630
1522
1439
1383
1354
1354
1378
1430
1505
1612
1741
1898
2080
2290
2523
2784
3069
3380
3718
4077
4461
4869
5303
5758
6236
6737
7261
7803
8369
8955
9563
10189
10834
11498
12181
12880
13596
14329
15076
15840
16617
17407
18212
19029
19856
20693
21542
22401
23268
24145
25027
25917
26812
27712
28616
29524
30434
31347
32259
33175
34089
35001
35912
36820
37726
38625
39521
40411
41295
42170
43039
43898
44747
45588
46416
47233
48037
48830
49607
50372
51121
51855
52573
53273
53957
54621
55269
55895
56504
57092
57659
58206
58731
59233
59713
60170
60604
61015
61401
61765
62099
62414
62702
62963
63200
63412
63595
63753
63888
63993
64072
64126
64153
64152
64125
64071
63992
63885
63754
63596
63409
63198
62960
62698
62409
62097
61759
61397
61009
60600
60165
59707
59227
58724
58200
57653
57086
56497
55889
55262
54614
53948
53266
52563
51847
51113
50363
49599
48821
48028
47224
46407
45578
44738
43889
43029
42160
41285
40401
39511
38615
37714
36810
35903
34991
34079
33164
32249
31337
30426
29514
28606
27700
26802
25906
25017
24134
23259
22390
21533
20685
19846
19018
18202
17398
16607
15830
15067
14318
13586
12871
12172
11490
10827
10182
9555
8949
8363
7797
7253
6729
6229
5751
5297
4864
4455
4072
3712
3377
3066
2780
2520
2286
2077
1895
1739
1609
1507
1427
1378
1353
1356
1385
1439
1520
1631
1766
1927
2114
2328
2568
2833
3122
3438
3777
4143
4530
4944
5381
5841
6322
6828
7354
7902
8472
9062
9671
10302
10949
11617
12302
13004
13722
14458
15209
15975
16754
17547
18354
19171
20001
20841
21692
22554
23422
24300
25184
26074
26971
27871
28776
29684
30596
31508
32422
33335
34249
35161
36071
36979
37883
38784
39680
40567
41448
42325
43189
44048
44896
45733
46561
47374
48177
48968
49743
50506
51253
51983
52698
53395
54073
54736
55379
56003
56607
57192
57757
58298
58819
59319
59794
60249
60680
61084
61466
61824
62157
62467
62751
63008
63240
63446
63627
63781
63908
64010
64082
64132
64156
64149
64118
64060
63976
63863
63727
63562
63374
63158
62917
62649
62357
62039
61697
61332
60941
60526
60085
59626
59140
58632
58104
57555
56984
56393
55780
55149
54497
53828
53143
52440
51719
50983
50231
49464
48683
47888
47081
46261
45430
44589
43738
42876
42007
41128
40244
39353
38457
37555
36650
35742
34830
33918
33004
32090
31176
30265
29355
28447
27543
26645
25750
24862
23981
23107
22240
21385
20536
19699
18874
18060
17257
16468
15696
14933
14189
13459
12747
12051
11372
10712
10070
9448
8846
8262
7700
7162
6641
6145
5671
5220
4790
4387
4007
3653
3321
3016
2733
2477
2249
2043
1866
1712
1587
1491
1416
1372
1351
1359
1391
1452
1540
1652
1791
1958
2151
2368
2611
2882
3176
3496
3840
4209
4602
5020
5460
5923
6409
6919
7449
8002
8574
9168
9780
10413
11066
11737
12425
13129
13851
14589
15342
16112
16893
17687
18497
19318
20149
20992
21844
22706
23576
24453
25339
26230
27127
28031
28934
29844
30755
31669
32581
33496
34409
35322
36232
37139
38043
38941
39834
40722
41604
42477
43342
44198
45044
45879
46705
47517
48318
49105
49879
50639
51381
52110
52822
53517
54192
54851
55492
56113
56714
57295
57854
58393
58910
59405
59876
60325
60752
61153
61531
61886
62213
62517
62796
63050
63277
63478
63655
63806
63928
64024
64094
64138
64155
64145
64110
64046
63957
63842
63699
63531
63338
63117
62872
62600
62303
61982
61635
61265
60868
60450
60007
59541
59054
58543
58010
57456
56881
56285
55671
55036
54382
53711
53020
52313
51589
50851
50097
49327
48544
47747
46937
46115
45284
44441
43587
42723
41853
40973
40088
39197
38300
37398
36492
35582
34670
33757
32843
31928
31015
30103
29193
28287
27383
26486
25593
24706
23826
22952
22088
21234
20389
19553
18729
17917
17120
16334
15560
14802
14060
13334
12623
11931
11255
10598
9961
9341
8742
8162
7603
7067
6551
6060
5590
5141
4719
4319
3943
3592
3264
2962
2686
2436
2212
2011
1836
1691
1568
1474
1407
1365
1350
1362
1400
1465
1558
1673
1818
1990
2186
2409
2656
2931
3231
3553
3904
4277
4671
5095
5540
6007
6498
7011
7546
8100
8677
9273
9891
10527
11181
11856
12547
13256
13980
14721
15475
16246
17030
17829
18640
19462
20297
21142
21996
22859
23731
24609
25496
26387
27286
28187
29094
30003
30917
31827
32742
33656
34571
35481
36391
37297
38202
39100
39991
40877
41757
42629
43493
44348
45191
46025
46849
47658
48457
49241
50013
50770
51510
52236
52944
53635
54310
54964
55602
56220
56816
57393
57950
58485
58999
59489
59958
60401
60823
61221
61595
61943
62271
62568
62843
63093
63315
63511
63684
63827
63946
64038
64105
64143
64156
64141
64102
64033
63939
63818
63672
63500
63300
63076
62827
62550
62249
61923
61572
61196
60796
60372
59928
59458
58965
58450
57914
57355
56779
56180
55560
54922
54264
53591
52895
52187
51462
50720
49962
49192
48405
47606
46794
45971
45137
44291
43437
42572
41699
40820
39932
39040
38140
37237
36332
35422
34511
33596
32683
31769
30855
29944
29034
28128
27226
26328
25436
24551
23673
22801
21938
21085
20242
19408
18586
17775
16979
16194
15425
14670
13929
13208
12500
11809
11137
10483
9849
9232
8637
8061
7507
6975
6465
5975
5510
5068
4646
4251
3878
3534
3209
2913
2640
2394
2173
1978
1809
1668
1550
1461
1397
1361
1350
1366
1411
1480
1575
1697
1848
2023
2224
2451
2703
2983
3286
3615
3968
4345
4748
5172
5620
6090
6586
7102
7641
8201
8779
9381
10000
10640
11299
11976
12670
13381
14108
14852
15610
16385
17172
17972
18784
19608
20444
21290
22145
23009
23884
24765
25652
26546
27445
28347
29254
30164
31076
31990
32902
33817
34730
35643
36552
37458
38359
39256
40149
41033
41911
42781
43644
44497
45339
46171
46991
47800
48596
49379
50147
50901
51640
52362
53068
53755
54427
55078
55711
56325
56920
57495
58045
58576
59087
59573
60037
60478
60896
61289
61658
62004
62324
62619
62889
63134
63351
63544
63709
63852
63964
64052
64113
64146
64154
64137
64091
64019
63921
63796
63645
63468
63263
63034
62779
62499
62192
61862
61507
61128
60724
60297
59844
59371
58875
58357
57817
57257
56676
56073
55451
54808
54147
53469
52774
52061
51334
50588
49828
49053
48265
47465
46650
45825
44987
44140
43284
42418
41544
40662
39775
38882
37984
37080
36172
35262
34350
33436
32522
31608
30695
29784
28876
27969
27068
26171
25279
24396
23518
22650
21789
20937
20096
19264
18443
17636
16839
16058
15291
14539
13803
13084
12379
11690
11022
10371
9740
9127
8535
7962
7412
6885
6377
5893
5431
4988
4575
4183
3816
3473
3154
2862
2595
2352
2136
1946
1781
1644
1535
1449
1389
1357
1352
1374
1421
1495
1597
1722
1877
2056
2263
2495
2751
3035
3341
3675
4032
4413
4820
5250
5701
6178
6675
7195
7738
8301
8886
9489
10112
10754
11417
12096
12794
13508
14238
14986
15746
16521
17311
18113
18927
19753
20592
21441
22300
23165
24038
24921
25807
26702
27603
28506
29414
30324
31236
32150
33064
33979
34891
35802
36710
37616
38517
39414
40304
41188
42065
42933
43793
44645
45486
46316
47135
47942
48736
49514
50279
51031
51767
52486
53189
53875
54543
55189
55821
56431
57021
57591
58140
58667
59173
59657
60115
60552
60966
61355
61720
62062
62377
62668
62932
63173
63386
63576
63738
63873
63982
64064
64120
64148
64154
64130
64078
64003
63898
63771
63614
63434
63225
62992
62730
62445
62135
61803
61441
61059
60650
60218
59764
59286
58786
58264
57721
57156
56569
55964
55337
54693
54029
53349
52650
51935
51203
50455
49692
48917
48126
47323
46505
45678
44840
43990
43133
42265
41391
40509
39620
38724
37825
36921
36014
35103
34189
33275
32361
31448
30534
29624
28715
27810
26910
26015
25123
24242
23364
22497
21637
20788
19947
19118
18300
17495
16702
15923
15159
14408
13674
12957
12258
11571
10908
10260
9631
9022
8433
7866
7318
6792
6290
5809
5351
4916
4504
4117
3755
3416
3101
2814
2550
2313
2101
1916
1756
1624
1516
1436
1381
1353
1354
1379
1432
1511
1617
1748
1907
2090
2301
2537
2798
3086
3397
3737
4096
4483
4892
5326
5783
6264
6765
7289
7835
8404
8989
9597
10225
10870
11535
12219
12919
13636
14370
15117
15880
16659
17451
18255
19073
19901
20741
21590
22450
23318
24193
25078
25965
26862
27762
28666
29574
30485
31397
32310
33225
34140
35052
35962
36871
37775
38675
39570
40461
41344
42218
43085
43944
44794
45633
46461
47278
48081
48874
49652
50415
51163
51894
52610
53311
53993
54658
55303
55931
56537
57125
57691
58235
58758
59260
59738
60194
60627
61037
61422
61783
62120
62430
62716
62977
63212
63421
63605
63765
63894
63999
64076
64128
64152
64150
64123
64069
63987
63882
63747
63586
63399
63187
62948
62683
62394
62078
61739
61376
60988
60575
60140
59682
59200
58696
58169
57623
57055
56464
55855
55225
54577
53912
53228
52526
51806
51073
50323
49558
48779
47985
47179
46362
45533
44692
43840
42981
42112
41236
40352
39461
38566
37665
36760
35851
34941
34028
33114
32199
31285
30373
29464
28557
27652
26751
25857
24969
24085
23212
22344
21486
20637
19799
18972
18157
17354
16563
15787
15025
14279
13547
12831
12134
11454
10790
10147
9523
8918
8332
7768
7224
6704
6203
5727
5273
4842
4433
4052
3692
3359
3049
2765
2507
2274
2065
1886
1732
1603
1501
1424
1375
1352
1356
1386
1443
1526
1636
1774
1937
2125
2341
2582
2848
3140
3456
3797
4164
4553
4967
5404
5866
6350
6856
7383
7932
8504
9097
9705
10337
10986
11654
12341
13044
13764
14498
15251
16017
16798
17591
18399
19217
20049
20891
21740
22601
23471
24348
25231
26122
27019
27920
28826
29734
30646
31559
32472
33387
34299
35211
36122
37030
37933
38833
39728
40616
41497
42372
43238
44094
44943
45780
46605
47420
48223
49011
49787
50547
51294
52023
52736
53432
54112
54773
55415
56038
56642
57226
57788
58330
58847
59346
59821
60273
60701
61105
61488
61842
62175
62482
62764
63022
63251
63456
63636
63787
63914
64014
64088
64135
64155
64149
64116
64057
63970
63858
63719
63554
63363
63146
62904
62634
62341
62022
61679
61310
60916
60500
60061
59600
59114
58606
58077
57525
56951
56359
55746
55113
54462
53792
53105
52400
51679
50942
50189
49421
48639
47844
47036
46216
45385
44543
43691
42828
41957
41080
40197
39305
38408
37507
36601
35692
34780
33867
32953
32039
31127
30213
29303
28396
27494
26595
25700
24813
23930
23059
22192
21337
20490
19653
18829
18016
17216
16426
15653
14894
14149
13420
12709
12013
11336
10676
10036
9414
8812
8231
7670
7130
6613
6118
5646
5196
4769
4366
3986
3634
3303
2998
2718
2465
2234
2033
1856
1706
1583
1485
1414
1369
1349
1360
1394
1455
1546
1659
1800
1969
2162
2381
2627
2898
3192
3514
3859
4230
4624
5043
5484
5950
6438
6947
7479
8032
8606
9201
9816
10449
11103
11773
12463
13169
13892
14631
15384
16154
16936
17732
18541
19364
20196
21038
21891
22753
23626
24502
25388
26279
27177
28078
28985
29893
30806
31718
32633
33548
34462
35373
36281
37188
38092
38990
39883
40771
41651
42525
43390
44245
45090
45925
46749
47562
48361
49148
49920
50678
51422
52149
52860
53552
54230
54887
55526
56145
56745
57326
57885
58420
58937
59428
59900
60349
60774
61176
61552
61905
62230
62532
62810
63063
63289
63491
63664
63812
63933
64031
64095
64138
64157
64144
64107
64043
63953
63836
63691
63522
63325
63104
62857
62584
62287
61963
61616
61243
60847
60425
59982
59514
59026
58513
57980
57424
56848
56251
55636
54999
54345
53673
52982
52275
51551
50811
50055
49285
48501
47703
46891
46070
45237
44394
43540
42676
41805
40926
40039
39148
38249
37348
36441
35532
34619
33705
32792
31877
30964
30052
29143
28237
27334
26438
25544
24658
23778
22906
22042
21187
20341
19508
18683
17875
17074
16289
15518
14760
14020
13294
12585
11892
11219
10561
9926
9306
8708
8131
7573
7037
6524
6033
5564
5119
4695
4297
3921
3573
3246
2947
2673
2422
2198
2001
1827
1683
1564
1471
1404
1363
1351
1363
1403
1470
1563
1682
1829
2000
2199
2420
2673
2947
3249
3574
3922
4297
4697
5118
5564
6034
6525
7038
7573
8131
8709
9307
9925
10563
11219
11893
12587
13297
14020
14763
15518
16289
17075
17875
18685
19508
20343
21187
22043
22907
23778
24658
25544
26437
27335
28238
29144
30055
30965
31880
32794
33708
34621
35532
36443
37349
38250
39147
40040
40925
41806
42677
43540
44394
45237
46072
46894
47703
48501
49285
50056
50810
51552
52275
52982
53675
54347
55001
55637
56253
56848
57426
57980
58512
59026
59518
59982
60427
60846
61243
61615
61963
62287
62584
62856
63106
63325
63521
63692
63833
63952
64041
64106
64145
64155
64139
64097
64029
63933
63813
63663
63490
63290
63063
62811
62533
62230
61903
61551
61174
60774
60349
59902
59430
58939
58422
57885
57325
56746
56146
55526
54885
54227
53552
52858
52149
51421
50680
49921
49147
48360
47561
46748
45924
45091
44243
43388
42523
41651
40769
39883
38990
38092
37189
36281
35373
34460
33547
32632
31719
30804
29893
28985
28080
27177
26279
25388
24503
23623
22753
21891
21039
20195
19363
18541
17733
16936
16153
15384
14630
13892
13168
12462
11773
11102
10449
9815
9200
8604
8031
7478
6945
6436
5949
5484
5042
4625
4230
3860
3514
3192
2898
2628
2382
2162
1968
1799
1659
1542
1455
1393
1360
1349
1369
1414
1486
1583
1706
1858
2034
2236
2467
2719
2999
3303
3632
3987
4365
4769
5195
5644
6117
6612
7130
7669
8231
8813
9415
10037
10677
11336
12014
12709
13421
14149
14893
15653
16427
17215
18017
18831
19656
20491
21338
22193
23058
23931
24813
25702
26596
27494
28396
29304
30214
31127
32039
32954
33869
34781
35693
36600
37506
38407
39305
40197
41081
41959
42828
43691
44542
45384
46216
47037
47844
48641
49421
50188
50942
51679
52400
53106
53793
54463
55114
55746
56360
56953
57524
58076
58604
59112
59600
60062
60503
60918
61310
61678
62022
62341
62633
62903
63145
63364
63554
63719
63858
63970
64055
64115
64149
64153
64135
64087
64014
63915
63788
63636
63459
63251
63020
62765
62482
62174
61842
61486
61105
60700
60273
59822
59346
58847
58327
57786
57224
56641
56038
55415
54771
54112
53432
52736
52022
51291
50546
49784
49010
48221
47419
46605
45778
44941
44093
43237
42371
41496
40614
39726
38832
37934
37030
36122
35212
34300
33385
32471
31558
30645
29733
28824
27919
27020
26121
25231
24347
23471
22601
21741
20889
20047
19217
18398
17591
16797
16016
15251
14499
13763
13043
12339
11653
10986
10335
9706
9093
8503
7932
7384
6855
6350
5867
5406
4967
4552
4163
3797
3455
3139
2847
2581
2340
2126
1936
1774
1637
1528
1444
1387
1357
1351
1375
1425
1500
1602
1732
1887
2067
2275
2506
2766
3049
3359
3693
4052
4437
4843
5274
5727
6204
6704
7225
7766
8331
8917
9522
10147
10792
11453
12134
12834
13547
14278
15027
15786
16565
17355
18158
18974
19801
20639
21488
22345
23213
24087
24968
25859
26752
27651
28555
29463
30374
31286
32202
33115
34029
34941
35852
36760
37665
38567
39462
40353
41236
42113
42981
43840
44692
45533
46364
47180
47985
48778
49558
50322
51073
51808
52526
53228
53912
54579
55227
55857
56464
57054
57623
58170
58696
59201
59681
60140
60576
60988
61375
61740
62080
62394
62684
62947
63186
63400
63585
63746
63879
63987
64069
64123
64152
64153
64130
64077
63998
63893
63762
63605
63421
63212
62977
62716
62430
62119
61781
61422
61037
60627
60193
59738
59258
58758
58233
57690
57124
56536
55929
55304
54657
53992
53310
52611
51894
51162
50414
49649
48873
48081
47276
46459
45631
44792
43942
43086
42217
41342
40459
39569
38675
37774
36870
35962
35052
34138
33224
32310
31396
30484
29574
28666
27761
26860
25965
25075
24192
23316
22448
21590
20741
19900
19072
18254
17449
16657
15881
15117
14368
13634
12916
12218
11534
10870
10223
9595
8989
8401
7834
7288
6765
6262
5783
5326
4892
4482
4096
3734
3397
3084
2799
2537
2301
2090
1906
1749
1617
1512
1432
1380
1353
1354
1381
1435
1515
1623
1756
1915
2100
2314
2551
2814
3102
3416
3755
4118
4505
4916
5350
5808
6288
6795
7319
7865
8434
9021
9632
10259
10906
11572
12256
12957
13676
14410
15159
15923
16702
17495
18300
19118
19946
20788
21638
22496
23364
24241
25125
26016
26912
27812
28717
29625
30535
31447
32361
33276
34188
35102
36012
36919
37825
38724
39618
40508
41392
42267
43134
43991
44840
45679
46507
47322
48127
48917
49694
50455
51203
51935
52650
53349
54031
54694
55338
55964
56571
57155
57721
58264
58787
59287
59766
60219
60650
61057
61442
61802
62137
62447
62731
62991
63226
63434
63615
63771
63904
64004
64080
64131
64153
64150
64120
64064
63981
63872
63737
63573
63386
63173
62931
62667
62378
62063
61721
61356
60966
60552
60115
59655
59173
58668
58141
57591
57022
56431
55821
55189
54541
53874
53189
52486
51766
51030
50280
49514
48734
47939
47133
46316
45485
44644
43794
42933
42064
41188
40303
39412
38517
37615
36710
35802
34890
33979
33064
32150
31236
30324
29413
28507
27603
26702
25807
24919
24036
23163
22297
21439
20593
19754
18927
18113
17310
16520
15745
14984
14237
13508
12793
12097
11416
10754
10112
9487
8885
8300
7737
7194
6675
6175
5700
5248
4819
4413
4030
3673
3340
3033
2750
2492
2263
2056
1878
1723
1596
1495
1422
1373
1353
1356
1389
1448
1534
1644
1782
1946
2137
2353
2595
2862
3156
3472
3817
4183
4575
4990
5429
5891
6376
6884
7413
7965
8537
9129
9741
10372
11023
11692
12378
13083
13804
14540
15293
16061
16841
17636
18443
19263
20094
20935
21788
22648
23517
24396
25281
26173
27070
27969
28875
29784
30696
31609
32522
33436
34349
35262
36172
37080
37983
38882
39777
40664
41545
42421
43284
44141
44988
45826
46651
47464
48265
49054
49827
50587
51332
52062
52774
53471
54149
54809
55451
56073
56674
57257
57818
58359
58876
59372
59846
60299
60723
61128
61507
61863
62193
62500
62779
63035
63263
63467
63643
63796
63918
64018
64090
64136
64155
64149
64111
64052
63964
63851
63711
63544
63352
63133
62889
62618
62324
62003
61658
61289
60895
60476
60035
59572
59085
58575
58044
57492
56918
56326
55712
55078
54426
53754
53066
52361
51640
50899
50146
49377
48596
47800
46990
46170
45338
44495
43643
42781
41911
41033
40147
39256
38357
37456
36550
35641
34730
33817
32903
31990
31075
30164
29255
28346
27444
26544
25652
24763
23884
23009
22145
21289
20444
19608
18783
17970
17171
16383
15611
14852
14107
13380
12668
11975
11298
10639
10002
9380
8779
8199
7637
7101
6586
6092
5621
5172
4747
4344
3969
3614
3286
2982
2703
2449
2223
2023
1849
1700
1577
1480
1411
1368
1351
1361
1398
1461
1550
1669
1810
1979
2174
2394
2640
2912
3210
3533
3880
4251
4647
5067
5509
5976
6465
6977
7509
8063
8639
9234
9850
10484
11139
11811
12501
13207
13931
14671
15426
16196
16980
17777
18588
19409
20242
21087
21939
22802
23672
24552
25439
26330
27227
28129
29036
29945
30857
31769
32683
33598
34511
35423
36331
37237
38141
39039
39932
40820
41699
42572
43436
44291
45136
45971
46795
47607
48406
49191
49962
50721
51462
52189
52899
53590
54266
54923
55561
56179
56777
57356
57914
58450
58964
59457
59926
60374
60796
61197
61571
61923
62248
62549
62826
63076
63300
63500
63670
63819
63940
64034
64101
64140
64156
64144
64106
64038
63947
63828
63683
63512
63315
63091
62842
62568
62270
61944
61595
61220
60824
60401
59958
59488
58997
58484
57949
57393
56817
56218
55602
54964
54310
53634
52943
52235
51510
50770
50014
49241
48456
47658
46848
46026
45192
44346
43491
42628
41755
40876
39991
39098
38200
37297
36391
35480
34569
33656
32741
31826
30914
30004
29093
28187
27284
26387
25494
24609
23728
22858
21994
21140
20296
19463
18639
17829
17030
16247
15475
14721
13980
13255
12545
11854
11181
10523
9889
9273
8677
8099
7544
7010
6496
6006
5539
5093
4674
4276
3903
3553
3229
2930
2657
2409
2187
1989
1819
1674
1557
1464
1401
1363
1351
1364
1407
1475
1568
1689
1837
2011
2210
2435
2686
2963
3265
3592
3943
4320
4720
5143
5590
6059
6551
7069
7605
8162
8742
9342
9960
10598
11255
11931
12624
13335
14062
14803
15561
16332
17119
17919
18731
19554
20388
21234
22087
22952
23826
24706
25593
26486
27386
28288
29195
30104
31017
31931
32844
33758
34672
35583
36491
37397
38298
39197
40088
40975
41853
42724
43587
44441
45285
46117
46939
47747
48545
49328
50097
50853
51592
52315
53022
53710
54382
55036
55671
56286
56882
57456
58010
58542
59053
59541
60007
60450
60868
61264
61637
61982
62304
62599
62871
63116
63338
63531
63699
63842
63957
64048
64110
64145
64155
64139
64095
64024
63929
63803
63654
63480
63279
63050
62796
62518
62213
61886
61532
61155
60750
60325
59876
59405
58910
58392
57854
57294
56713
56112
55491
54852
54192
53516
52821
52108
51380
50637
49877
49103
48317
47518
46704
45879
45041
44197
43341
42476
41602
40721
39833
38939
38040
37137
36230
35321
34409
33496
32582
31668
30754
29844
28934
28029
27127
26229
25338
24453
23575
22704
21843
20992
20149
19316
18497
17688
16891
16110
15342
14588
13850
13128
12423
11735
11064
10413
9781
9166
8574
8000
7449
6919
6408
5922
5458
5018
4600
4208
3839
3495
3175
2881
2612
2368
2150
1959
1793
1653
1540
1453
1392
1359
1350
1370
1415
1487
1588
1714
1864
2043
2249
2477
2734
3013
3321
3651
4007
4388
4792
5220
5670
6145
6642
7161
7702
8263
8847
9448
10072
10713
11373
12050
12747
13461
14190
14935
15695
16470
17258
18061
18874
19700
20537
21383
22240
23108
23981
24863
25751
26644
27543
28448
29355
30267
31178
32091
33006
33918
34831
35743
36652
37556
38458
39355
40245
41130
42007
42877
43737
44589
45432
46261
47081
47888
48684
49463
50231
50982
51719
52440
53143
53830
54500
55148
55781
56391
56984
57553
58105
58634
59141
59624
60086
60527
60940
61332
61699
62040
62357
62650
62917
63157
63375
63564
63728
63864
63976
64061
64119
64150
64156
64133
64084
64010
63907
63779
63625
63445
63240
63007
62749
62466
62157
61826
61467
61084
60680
60248
59794
59319
58819
58299
57755
57192
56608
56004
55379
54737
54074
53394
52697
51982
51251
50504
49742
48967
48178
47376
46562
45734
44896
44048
43189
42323
41448
40566
39677
38783
37883
36978
36071
35161
34248
33335
32421
31508
30594
29684
28774
27870
26969
26072
25182
24299
23421
22553
21693
20842
20000
19171
18352
17546
16754
15973
15208
14458
13722
13003
12301
11616
10949
10300
9671
9062
8471
7902
7354
6826
6323
5839
5380
4944
4530
4141
3777
3436
3122
2832
2568
2329
2115
1927
1766
1632
1522
1441
1385
1354
1353
1376
1428
1505
1609
1739
1895
2077
2286
2520
2780
3065
3376
3712
4071
4457
4866
5298
5752
6231
6732
7255
7799
8365
8950
9555
10183
10828
11491
12173
12871
13588
14320
15067
15831
16608
17399
18203
19018
19845
20685
21534
22393
23260
24136
25017
25906
26801
27701
28607
29513
30424
31338
32250
33167
34079
34992
35902
36810
37715
38616
39512
40401
41284
42160
43028
43888
44738
45579
46408
47226
48030
48821
49600
50366
51113
51848
52564
53266
53949
54615
55261
55889
56497
57085
57652
58200
58724
59227
59709
60166
60599
61011
61398
61759
62097
62411
62698
62961
63197
63409
63594
63753
63885
63992
64071
64125
64152
64153
64126
64073
63993
63888
63754
63596
63409
63201
62963
62702
62414
62099
61764
61402
61015
60603
60169
59712
59233
58728
58205
57659
57091
56503
55894
55268
54621
53955
53273
52573
51854
51120
50371
49608
48828
48036
47232
46415
45586
44748
43896
43037
42169
41293
40411
39521
38625
37725
36821
35911
35002
34088
33173
32260
31348
30434
29523
28615
27711
26811
25915
25027
24144
23269
22400
21542
20694
19856
19027
18211
17406
16615
15838
15075
14328
13594
12878
12179
11498
10834
10188
9562
8955
8369
7804
7260
6737
6236
5757
5302
4869
4461
4075
3716
3381
3069
2783
2522
2289
2081
1896
1741
1610
1507
1428
1376
1349
1354
1384
1440
1520
1630
1765
1925
2113
2326
2565
2829
3121
3435
3774
4139
4528
4939
5376
5835
6317
6822
7348
7896
8467
9054
9665
10295
10942
11609
12296
12997
13716
14450
15200
15966
16745
17539
18344
19163
19992
20832
21685
22544
23412
24290
25174
26065
26961
27862
28768
29674
30586
31498
32412
33326
34241
35152
36063
36971
37876
38775
39669
40557
41440
42314
43182
44039
44886
45725
46552
47366
48170
48959
49736
50498
51244
51974
52688
53388
54067
54730
55374
55997
56602
57187
57750
58294
58814
59314
59792
60245
60673
61080
61463
61821
62154
62463
62746
63004
63238
63444
63624
63778
63907
64009
64084
64131
64155
64149
64120
64062
63977
63865
63728
63564
63374
63160
62919
62654
62360
62043
61700
61334
60943
60529
60091
59631
59145
58639
58111
57562
56990
56398
55787
55156
54505
53837
53149
52447
51725
50990
50237
49472
48691
47897
47090
46271
45438
44596
43746
42886
42015
41137
40252
39362
38467
37567
36661
35750
34841
33928
33013
32099
31186
30274
29365
28456
27552
26653
25758
24870
23988
23114
22250
21392
20544
19708
18882
18067
17266
16478
15703
14943
14196
13467
12753
12059
11379
10719
10076
9454
8850
8268
7706
7166
6647
6150
5675
5222
4796
4392
4011
3655
3325
3017
2736
2479
2250
2045
1868
1714
1589
1489
1417
1370
1352
1358
1392
1453
1539
1653
1791
1956
2147
2365
2607
2879
3173
3492
3836
4205
4598
5014
5457
5919
6405
6913
7443
7995
8567
9161
9775
10408
11058
11729
12417
13122
13844
14582
15335
16102
16883
17680
18488
19308
20139
20983
21835
22697
23567
24446
25330
26222
27118
28021
28925
29833
30745
31658
32572
33488
34400
35313
36223
37129
38032
38931
39826
40712
41593
42468
43331
44189
45035
45871
46696
47509
48309
49097
49869
50630
51373
52101
52814
53509
54185
54844
55484
56108
56708
57288
57849
58386
58905
59399
59871
60320
60747
61149
61528
61880
62211
62515
62793
63046
63274
63477
63653
63803
63925
64024
64092
64138
64155
64145
64109
64047
63958
63844
63702
63534
63339
63120
62874
62604
62307
61984
61638
61268
60872
60454
60012
59545
59058
58548
58015
57461
56886
56292
55677
55043
54389
53717
53030
52321
51599
50859
50105
49336
48551
47755
46946
46125
45291
44448
43595
42733
41862
40985
40097
39206
38309
37408
36502
35592
34679
33767
32853
31938
31025
30113
29204
28297
27395
26496
25602
24714
23833
22962
22097
21243
20396
19562
18739
17926
17126
16339
15569
14810
14067
13341
12631
11939
11262
10605
9965
9346
8747
8168
7608
7073
6557
6064
5594
5147
4723
4323
3945
3593
3268
2968
2688
2439
2211
2013
1838
1691
1569
1477
1408
1365
1351
1362
1399
1465
1555
1673
1818
1988
2184
2407
2655
2928
3227
3551
3899
4272
4671
5092
5534
6002
6493
7005
7539
8094
8670
9267
9884
10520
11176
11849
12540
13249
13973
14714
15470
16240
17023
17822
18633
19455
20288
21133
21987
22849
23720
24600
25485
26380
27277
28179
29084
29995
30906
31821
32734
33648
34561
35473
36382
37290
38191
39089
39982
40868
41748
42620
43484
44339
45183
46016
46839
47650
48448
49234
50004
50762
51504
52229
52938
53628
54303
54957
55595
56211
56810
57389
57944
58479
58993
59484
59953
60397
60820
61217
61591
61940
62264
62565
62841
63089
63312
63511
63681
63826
63946
64037
64103
64143
64158
64141
64101
64035
63941
63819
63676
63501
63303
63078
62828
62553
62253
61925
61575
61198
60800
60378
59930
59461
58969
58456
57919
57362
56784
56184
55565
54929
54271
53598
52905
52196
51470
50727
49971
49199
48412
47614
46803
45980
45145
44298
43444
42580
41707
40828
39941
39050
38151
37248
36341
35431
34520
33607
32692
31778
30864
29954
29044
28137
27236
26338
25446
24560
23681
22810
21947
21094
20249
19417
18595
17784
16988
16204
15433
14679
13939
13214
12508
11819
11145
10491
9856
9240
8644
8068
7514
6981
6468
5979
5514
5068
4650
4256
3883
3534
3213
2915
2644
2396
2174
1979
1811
1668
1552
1460
1397
1362
1351
1368
1410
1479
1576
1697
1846
2022
2221
2447
2701
2979
3282
3608
3963
4340
4742
5166
5615
6087
6579
7097
7635
8194
8774
9374
9994
10633
11292
11968
12662
13374
14101
14845
15603
16375
17163
17962
18774
19600
20435
21282
22138
23003
23875
24757
25643
26536
27434
28337
29245
30155
31066
31980
32893
33809
34722
35633
36542
37448
38350
39246
40137
41023
41902
42772
43635
44488
45331
46163
46984
47792
48587
49370
50139
50893
51631
52355
53060
53748
54419
55072
55705
56320
56912
57486
58039
58570
59081
59569
60033
60473
60890
61285
61655
62000
62321
62616
62887
63131
63348
63541
63708
63849
63964
64050
64112
64146
64155
64136
64091
64019
63921
63796
63646
63469
63266
63037
62783
62502
62197
61865
61511
61132
60728
60301
59849
59377
58880
58363
57823
57263
56681
56078
55455
54814
54155
53477
52781
52069
51339
50594
49835
49062
48273
47472
46660
45833
44996
44149
43291
42427
41553
40671
39783
38891
37990
37089
36182
35272
34359
33445
32531
31619
30706
29792
28885
27980
27078
26182
25290
24405
23527
22658
21795
20945
20102
19271
18452
17643
16848
16066
15300
14547
13810
13089
12385
11699
11029
10378
9746
9133
8542
7969
7418
6889
6382
5894
5433
4995
4580
4187
3820
3477
3158
2866
2599
2355
2140
1947
1784
1647
1534
1448
1390
1358
1352
1372
1419
1494
1595
1721
1874
2054
2259
2491
2749
3031
3339
3670
4028
4409
4816
5245
5697
6172
6670
7190
7731
8294
8878
9481
10105
10748
11410
12090
12787
13503
14232
14978
15738
16513
17303
18104
18919
19747
20583
21432
22289
23155
24030
24912
25801
26694
27593
28497
29403
30314
31227
32141
33054
33970
34880
35794
36700
37605
38508
39405
40294
41179
42056
42925
43785
44637
45478
46308
47127
47933
48726
49505
50273
51024
51760
52478
53183
53868
54535
55184
55814
56427
57016
57586
58135
58663
59169
59653
60111
60549
60963
61351
61719
62059
62375
62666
62931
63172
63385
63574
63736
63872
63980
64063
64122
64149
64153
64131
64081
64003
63901
63772
63617
63436
63227
62996
62734
62450
62142
61804
61445
61062
60654
60224
59768
59292
58791
58269
57725
57161
56576
55970
55345
54700
54036
53354
52657
51942
51211
50464
49701
48925
48134
47330
46514
45687
44849
44000
43142
42274
41400
40517
39628
38733
37833
36929
36020
35110
34199
33285
32369
31456
30543
29632
28724
27821
26920
26024
25133
24250
23373
22506
21646
20797
19955
19128
18308
17504
16710
15932
15167
14418
13682
12965
12263
11578
10912
10265
9637
9028
8440
7870
7324
6800
6295
5814
5354
4921
4508
4123
3758
3418
3105
2816
2553
2316
2104
1919
1757
1624
1515
1435
1381
1355
1355
1379
1431
1511
1616
1748
1906
2088
2298
2535
2797
3082
3394
3732
4094
4479
4888
5321
5780
6258
6759
7283
7830
8397
8983
9590
10217
10864
11527
12211
12913
13627
14361
15109
15873
16650
17442
18247
19065
19891
20732
21580
22441
23308
24184
25066
25957
26851
27752
28656
29564
30474
31388
32302
33215
34130
35043
35953
36861
37765
38665
39562
40451
41333
42209
43077
43935
44784
45625
46452
47269
48074
48865
49643
50406
51155
51888
52604
53304
53985
54650
55297
55924
56530
57119
57684
58230
58753
59254
59733
60190
60623
61034
61417
61779
62115
62426
62713
62975
63211
63420
63603
63761
63894
63997
64076
64128
64152
64150
64124
64068
63988
63881
63746
63586
63399
63188
62949
62685
62397
62083
61745
61379
60993
60579
60146
59686
59205
58702
58176
57630
57060
56470
55862
55234
54586
53918
53235
52532
51815
51080
50330
49565
48786
47993
47187
46369
45539
44699
43848
42989
42122
41244
40361
39472
38576
37675
36770
35862
34951
34037
33125
32210
31296
30384
29472
28565
27661
26761
25868
24978
24096
23219
22354
21496
20648
19808
18982
18166
17362
16571
15795
15032
14287
13555
12840
12140
11460
10799
10154
9529
8923
8337
7773
7230
6706
6208
5733
5277
4847
4439
4056
3696
3361
3053
2769
2509
2276
2067
1887
1733
1604
1500
1425
1375
1352
1355
1386
1442
1528
1636
1773
1935
2125
2339
2579
2845
3136
3453
3794
4159
4550
4963
5400
5861
6345
6850
7378
7926
8497
9089
9699
10330
10980
11647
12334
13036
13757
14493
15243
16009
16789
17582
18390
19207
20039
20881
21732
22592
23461
24339
25223
26114
27009
27910
28816
29724
30635
31549
32462
33377
34289
35202
36112
37019
37924
38823
39718
40607
41487
42362
43228
44085
44933
45770
46597
47410
48215
49003
49778
50540
51284
52015
52728
53425
54105
54765
55408
56033
56636
57218
57781
58324
58842
59340
59816
60269
60697
61102
61486
61841
62173
62479
62761
63017
63250
63453
63634
63787
63914
64013
64086
64133
64154
64147
64116
64058
63971
63859
63721
63555
63364
63148
62905
62636
62342
62026
61681
61312
60920
60505
60066
59603
59118
58611
58082
57530
56957
56365
55752
55121
54468
53800
53111
52407
51687
50949
50197
49429
48648
47854
47045
46226
45394
44552
43700
42838
41968
41090
40205
39314
38415
37514
36610
35702
34791
33877
32963
32049
31136
30223
29312
28405
27502
26604
25710
24822
23941
23068
22201
21345
20499
19662
18837
18023
17223
16435
15660
14901
14156
13429
12717
12020
11343
10684
10041
9422
8819
8237
7675
7136
6618
6123
5649
5199
4772
4369
3990
3636
3305
3001
2720
2467
2238
2035
1858
1707
1583
1484
1413
1368
1350
1359
1394
1456
1544
1659
1799
1967
2161
2379
2624
2894
3189
3511
3855
4227
4622
5040
5481
5945
6432
6941
7472
8026
8600
9195
9809
10443
11096
11766
12455
13161
13883
14622
15378
16146
16928
17724
18532
19353
20186
21029
21883
22745
23615
24492
25379
26271
27167
28068
28975
29884
30796
31710
32624
33538
34451
35363
36272
37180
38083
38982
39874
40760
41641
42514
43379
44235
45082
45917
46740
47553
48352
49139
49913
50672
51415
52143
52852
53546
54221
54879
55519
56139
56739
57319
57878
58416
58933
59424
59896
60345
60770
61170
61549
61900
62228
62530
62808
63061
63286
63487
63662
63810
63934
64029
64097
64139
64155
64145
64108
64046
63955
63837
63693
63523
63328
63106
62861
62588
62289
61966
61619
61246
60850
60430
59987
59520
59030
58520
57985
57431
56854
56259
55642
55007
54352
53679
52990
52283
51558
50818
50063
49292
48509
47713
46901
46079
45246
44403
43548
42686
41814
40935
40048
39157
38259
37357
36451
35542
34629
33717
32802
31888
30975
30062
29152
28246
27344
26446
25553
24667
23787
22915
22051
21196
20352
19515
18694
17881
17083
16298
15526
14770
14027
13301
12592
11899
11223
10568
9931
9312
8715
8137
7579
7043
6529
6038
5569
5123
4702
4303
3927
3576
3250
2950
2676
2425
2201
2003
1830
1684
1563
1471
1404
1364
1350
1365
1403
1469
1559
1681
1826
1997
2194
2417
2669
2944
3244
3569
3919
4294
4693
5115
5560
6029
6520
7033
7569
8126
8702
9302
9919
10556
11213
11885
12578
13288
14013
14753
15510
16281
17068
17866
18677
19501
20334
21179
22033
22898
23769
24649
25536
26428
27327
28229
29137
30046
30957
31870
32784
33698
34611
35522
36431
37338
38241
39138
40030
40917
41796
42668
43531
44384
45229
46063
46885
47697
48492
49277
50047
50803
51544
52267
52975
53666
54339
54993
55630
56248
56843
57418
57974
58507
59020
59510
59977
60421
60842
61240
61612
61960
62283
62581
62855
63102
63324
63522
63690
63834
63951
64045
64107
64143
64156
64140
64098
64030
63935
63813
63666
63492
63292
63066
62814
62537
62234
61906
61554
61178
60777
60354
59905
59435
58944
58427
57890
57331
56751
56152
55531
54894
54235
53560
52866
52155
51429
50685
49929
49155
48369
47571
46758
45934
45098
44253
43396
42533
41660
40779
39893
38999
38101
37197
36290
35381
34470
33555
32642
31728
30815
29903
28993
28087
27185
26288
25397
24511
23633
22762
21901
21046
20202
19371
18550
17741
16945
16161
15393
14638
13898
13176
12471
11780
11109
10456
9822
9206
8612
8038
7483
6953
6442
5954
5490
5048
4629
4234
3864
3517
3197
2899
2628
2384
2165
1971
1801
1659
1546
1458
1396
1360
1352
1370
1414
1484
1582
1705
1855
2032
2233
2462
2717
2996
3301
3628
3984
4361
4764
5190
5640
6113
6609
7126
7666
8225
8807
9409
10029
10670
11330
12006
12703
13414
14143
14885
15645
16418
17206
18007
18821
19646
20482
21329
22184
23050
23925
24805
25693
26587
27485
28388
29294
30205
31117
32030
32945
33859
34772
35683
36592
37498
38399
39295
40187
41071
41950
42819
43682
44533
45377
46209
47029
47836
48632
49414
50181
50933
51672
52393
53096
53786
54455
55106
55740
56353
56946
57519
58070
58601
59109
59594
60056
60497
60913
61307
61675
62019
62337
62633
62900
63142
63359
63551
63717
63855
63969
64056
64115
64148
64154
64136
64088
64016
63915
63790
63638
63459
63254
63025
62766
62485
62180
61848
61492
61110
60705
60277
59825
59350
58853
58334
57793
57231
56648
56044
55420
54778
54118
53438
52743
52030
51300
50555
49794
49018
48229
47428
46613
45788
44951
44103
43245
42380
41507
40624
39734
38841
37941
37038
36130
35221
34308
33395
32481
31567
30655
29743
28836
27929
27028
26132
25241
24356
23478
22610
21749
20898
20056
19227
18407
